-77.03049615,-12.04591952 -76.256181885,-10.683662121 -76.23964566,-9.92954506 -77.52885187,-9.5300209 -79.02868652,-8.11176389 -78.51752139,-7.15706855 -77.8724339,-6.22940827 -79.83866166,-6.77150465 -76.97466665,-6.03466877 -80.62654749,-5.1971641 -80.45957215,-3.5708339
-76.256181885,-10.683662121 -76.23964566,-9.92954506 -77.03049615,-12.04591952 -77.52885187,-9.5300209 -79.02868652,-8.11176389 -78.51752139,-7.15706855 -76.97466665,-6.03466877 -77.8724339,-6.22940827 -79.83866166,-6.77150465 -80.62654749,-5.1971641 -80.45957215,-3.5708339
-76.23964566,-9.92954506 -76.256181885,-10.683662121 -77.52885187,-9.5300209 -77.03049615,-12.04591952 -79.02868652,-8.11176389 -78.51752139,-7.15706855 -76.97466665,-6.03466877 -77.8724339,-6.22940827 -79.83866166,-6.77150465 -80.62654749,-5.1971641 -80.45957215,-3.5708339
-77.52885187,-9.5300209 -76.23964566,-9.92954506 -76.256181885,-10.683662121 -79.02868652,-8.11176389 -77.03049615,-12.04591952 -78.51752139,-7.15706855 -77.8724339,-6.22940827 -76.97466665,-6.03466877 -79.83866166,-6.77150465 -80.62654749,-5.1971641 -80.45957215,-3.5708339
-79.02868652,-8.11176389 -78.51752139,-7.15706855 -79.83866166,-6.77150465 -77.52885187,-9.5300209 -77.8724339,-6.22940827 -76.97466665,-6.03466877 -80.62654749,-5.1971641 -76.23964566,-9.92954506 -76.256181885,-10.683662121 -77.03049615,-12.04591952 -80.45957215,-3.5708339
-78.51752139,-7.15706855 -79.02868652,-8.11176389 -77.8724339,-6.22940827 -79.83866166,-6.77150465 -76.97466665,-6.03466877 -77.52885187,-9.5300209 -80.62654749,-5.1971641 -76.23964566,-9.92954506 -80.45957215,-3.5708339 -76.256181885,-10.683662121 -77.03049615,-12.04591952
-79.83866166,-6.77150465 -78.51752139,-7.15706855 -79.02868652,-8.11176389 -80.62654749,-5.1971641 -77.8724339,-6.22940827 -76.97466665,-6.03466877 -80.45957215,-3.5708339 -77.52885187,-9.5300209 -76.23964566,-9.92954506 -76.256181885,-10.683662121 -77.03049615,-12.04591952
-77.8724339,-6.22940827 -76.97466665,-6.03466877 -78.51752139,-7.15706855 -79.83866166,-6.77150465 -79.02868652,-8.11176389 -80.62654749,-5.1971641 -77.52885187,-9.5300209 -80.45957215,-3.5708339 -76.23964566,-9.92954506 -76.256181885,-10.683662121 -77.03049615,-12.04591952
-76.97466665,-6.03466877 -77.8724339,-6.22940827 -78.51752139,-7.15706855 -79.02868652,-8.11176389 -79.83866166,-6.77150465 -77.52885187,-9.5300209 -80.62654749,-5.1971641 -76.23964566,-9.92954506 -80.45957215,-3.5708339 -76.256181885,-10.683662121 -77.03049615,-12.04591952
-80.62654749,-5.1971641 -80.45957215,-3.5708339 -79.83866166,-6.77150465 -78.51752139,-7.15706855 -77.8724339,-6.22940827 -79.02868652,-8.11176389 -76.97466665,-6.03466877 -77.52885187,-9.5300209 -76.23964566,-9.92954506 -76.256181885,-10.683662121 -77.03049615,-12.04591952
-80.45957215,-3.5708339 -80.62654749,-5.1971641 -79.83866166,-6.77150465 -77.8724339,-6.22940827 -78.51752139,-7.15706855 -76.97466665,-6.03466877 -79.02868652,-8.11176389 -77.52885187,-9.5300209 -76.23964566,-9.92954506 -76.256181885,-10.683662121 -77.03049615,-12.04591952
