-77.1567994,-10.15206613 -76.80130126,-9.82853207 -77.45614687,-9.722084882 -76.63161342,-10.07805837 -77.61071813,-9.78020557 -76.60839481,-9.85874366 -76.81552786,-9.54997196 -77.17095755,-9.34740104 -76.20446278,-10.1292297 -77.64629654,-9.28176454 -78.15227117,-10.06870661
-76.20446278,-10.1292297 -76.63161342,-10.07805837 -76.60839481,-9.85874366 -76.80130126,-9.82853207 -76.81552786,-9.54997196 -77.1567994,-10.15206613 -77.17095755,-9.34740104 -77.01682676,-9.10103564 -77.45614687,-9.722084882 -76.9526168,-9.03786568 -77.61071813,-9.78020557
-76.63161342,-10.07805837 -76.60839481,-9.85874366 -76.80130126,-9.82853207 -76.20446278,-10.1292297 -77.1567994,-10.15206613 -76.81552786,-9.54997196 -77.45614687,-9.722084882 -77.17095755,-9.34740104 -77.61071813,-9.78020557 -77.01682676,-9.10103564 -76.9526168,-9.03786568
-78.15227117,-10.06870661 -78.30544286,-9.47607993 -77.61071813,-9.78020557 -77.45614687,-9.722084882 -77.64629654,-9.28176454 -77.1567994,-10.15206613 -77.744906,-9.13989101 -77.81006258,-9.04858755 -78.59357234,-9.07454176 -77.366042511,-9.162092849 -77.17095755,-9.34740104
-76.60839481,-9.85874366 -76.80130126,-9.82853207 -76.63161342,-10.07805837 -76.81552786,-9.54997196 -76.20446278,-10.1292297 -77.1567994,-10.15206613 -77.17095755,-9.34740104 -77.45614687,-9.722084882 -77.01682676,-9.10103564 -76.9526168,-9.03786568 -77.61071813,-9.78020557
-76.80130126,-9.82853207 -76.60839481,-9.85874366 -76.81552786,-9.54997196 -76.63161342,-10.07805837 -77.1567994,-10.15206613 -77.17095755,-9.34740104 -77.45614687,-9.722084882 -76.20446278,-10.1292297 -77.01682676,-9.10103564 -76.9526168,-9.03786568 -77.61071813,-9.78020557
-77.61071813,-9.78020557 -77.45614687,-9.722084882 -77.64629654,-9.28176454 -77.1567994,-10.15206613 -78.15227117,-10.06870661 -77.17095755,-9.34740104 -77.744906,-9.13989101 -77.366042511,-9.162092849 -77.32912977,-9.09435746 -77.81006258,-9.04858755 -78.30544286,-9.47607993
-77.45614687,-9.722084882 -77.61071813,-9.78020557 -77.17095755,-9.34740104 -77.64629654,-9.28176454 -77.1567994,-10.15206613 -77.366042511,-9.162092849 -77.32912977,-9.09435746 -77.744906,-9.13989101 -76.81552786,-9.54997196 -76.80130126,-9.82853207 -77.01682676,-9.10103564
-76.81552786,-9.54997196 -76.80130126,-9.82853207 -76.60839481,-9.85874366 -77.17095755,-9.34740104 -77.01682676,-9.10103564 -76.9526168,-9.03786568 -76.63161342,-10.07805837 -77.45614687,-9.722084882 -77.366042511,-9.162092849 -77.32912977,-9.09435746 -77.1567994,-10.15206613
-78.30544286,-9.47607993 -78.59357234,-9.07454176 -78.15227117,-10.06870661 -77.744906,-9.13989101 -77.81006258,-9.04858755 -77.64629654,-9.28176454 -77.61071813,-9.78020557 -77.45614687,-9.722084882 -77.366042511,-9.162092849 -77.89804083,-8.57042256 -77.32912977,-9.09435746
-77.17095755,-9.34740104 -77.366042511,-9.162092849 -77.01682676,-9.10103564 -77.32912977,-9.09435746 -76.9526168,-9.03786568 -76.81552786,-9.54997196 -77.45614687,-9.722084882 -77.64629654,-9.28176454 -77.35749107,-8.8649466 -77.4602514,-8.8205315 -76.80130126,-9.82853207
-77.64629654,-9.28176454 -77.744906,-9.13989101 -77.81006258,-9.04858755 -77.366042511,-9.162092849 -77.32912977,-9.09435746 -77.45614687,-9.722084882 -77.17095755,-9.34740104 -77.4602514,-8.8205315 -77.61071813,-9.78020557 -77.35749107,-8.8649466 -77.01682676,-9.10103564
-77.366042511,-9.162092849 -77.32912977,-9.09435746 -77.17095755,-9.34740104 -77.35749107,-8.8649466 -77.64629654,-9.28176454 -77.4602514,-8.8205315 -77.01682676,-9.10103564 -77.744906,-9.13989101 -76.9526168,-9.03786568 -77.81006258,-9.04858755 -77.45614687,-9.722084882
-77.744906,-9.13989101 -77.81006258,-9.04858755 -77.64629654,-9.28176454 -77.366042511,-9.162092849 -77.32912977,-9.09435746 -77.4602514,-8.8205315 -77.35749107,-8.8649466 -77.89804083,-8.57042256 -77.6312206,-8.55458704 -77.17095755,-9.34740104 -77.45614687,-9.722084882
-77.01682676,-9.10103564 -76.9526168,-9.03786568 -77.17095755,-9.34740104 -77.32912977,-9.09435746 -77.366042511,-9.162092849 -77.35749107,-8.8649466 -76.81552786,-9.54997196 -77.14935042,-8.60439329 -77.4602514,-8.8205315 -77.64629654,-9.28176454 -77.744906,-9.13989101
-77.32912977,-9.09435746 -77.366042511,-9.162092849 -77.35749107,-8.8649466 -77.17095755,-9.34740104 -77.4602514,-8.8205315 -77.01682676,-9.10103564 -77.64629654,-9.28176454 -76.9526168,-9.03786568 -77.744906,-9.13989101 -77.81006258,-9.04858755 -77.14935042,-8.60439329
-78.59357234,-9.07454176 -78.30544286,-9.47607993 -78.75222202,-8.41427715 -77.81006258,-9.04858755 -77.744906,-9.13989101 -77.89804083,-8.57042256 -78.00901572,-8.39290941 -77.64629654,-9.28176454 -78.17327133,-8.14536716 -78.48663451,-8.0425289 -78.15227117,-10.06870661
-77.81006258,-9.04858755 -77.744906,-9.13989101 -77.64629654,-9.28176454 -77.4602514,-8.8205315 -77.366042511,-9.162092849 -77.32912977,-9.09435746 -77.89804083,-8.57042256 -77.35749107,-8.8649466 -77.6312206,-8.55458704 -78.30544286,-9.47607993 -78.00901572,-8.39290941
-76.9526168,-9.03786568 -77.01682676,-9.10103564 -77.17095755,-9.34740104 -77.32912977,-9.09435746 -77.366042511,-9.162092849 -77.35749107,-8.8649466 -77.14935042,-8.60439329 -76.81552786,-9.54997196 -77.4602514,-8.8205315 -77.64629654,-9.28176454 -77.744906,-9.13989101
-77.35749107,-8.8649466 -77.4602514,-8.8205315 -77.32912977,-9.09435746 -77.366042511,-9.162092849 -77.14935042,-8.60439329 -77.6312206,-8.55458704 -77.01682676,-9.10103564 -76.9526168,-9.03786568 -77.744906,-9.13989101 -77.81006258,-9.04858755 -77.64629654,-9.28176454
-77.4602514,-8.8205315 -77.35749107,-8.8649466 -77.32912977,-9.09435746 -77.6312206,-8.55458704 -77.366042511,-9.162092849 -77.14935042,-8.60439329 -77.81006258,-9.04858755 -77.744906,-9.13989101 -77.64629654,-9.28176454 -77.89804083,-8.57042256 -77.01682676,-9.10103564
-77.14935042,-8.60439329 -77.35749107,-8.8649466 -77.29632102,-8.27593502 -77.4602514,-8.8205315 -76.9526168,-9.03786568 -77.6312206,-8.55458704 -77.01682676,-9.10103564 -77.32912977,-9.09435746 -77.366042511,-9.162092849 -77.17095755,-9.34740104 -77.89804083,-8.57042256
-77.89804083,-8.57042256 -78.00901572,-8.39290941 -77.6312206,-8.55458704 -77.81006258,-9.04858755 -77.4602514,-8.8205315 -78.17327133,-8.14536716 -77.744906,-9.13989101 -77.35749107,-8.8649466 -77.29632102,-8.27593502 -77.14935042,-8.60439329 -77.64629654,-9.28176454
-77.6312206,-8.55458704 -77.89804083,-8.57042256 -77.4602514,-8.8205315 -78.00901572,-8.39290941 -77.35749107,-8.8649466 -77.29632102,-8.27593502 -77.14935042,-8.60439329 -77.81006258,-9.04858755 -77.744906,-9.13989101 -77.32912977,-9.09435746 -77.366042511,-9.162092849
-78.75222202,-8.41427715 -78.48663451,-8.0425289 -78.56569871,-7.90250299 -78.17327133,-8.14536716 -78.59357234,-9.07454176 -78.00901572,-8.39290941 -79.10751502,-7.71379065 -77.89804083,-8.57042256 -78.048623458,-7.815552087 -78.81942291,-7.47945577 -78.80462726,-7.36612935
-78.00901572,-8.39290941 -77.89804083,-8.57042256 -78.17327133,-8.14536716 -77.6312206,-8.55458704 -78.048623458,-7.815552087 -78.48663451,-8.0425289 -77.81006258,-9.04858755 -77.4602514,-8.8205315 -77.29632102,-8.27593502 -78.56569871,-7.90250299 -78.75222202,-8.41427715
-77.29632102,-8.27593502 -77.14935042,-8.60439329 -77.6312206,-8.55458704 -77.4602514,-8.8205315 -77.35749107,-8.8649466 -77.89804083,-8.57042256 -78.00901572,-8.39290941 -76.51031276,-8.18864805 -77.32912977,-9.09435746 -76.9526168,-9.03786568 -77.01682676,-9.10103564
-76.51031276,-8.18864805 -77.14935042,-8.60439329 -77.29632102,-8.27593502 -76.9526168,-9.03786568 -76.72644242,-7.1804106 -77.01682676,-9.10103564 -77.35749107,-8.8649466 -76.58470096,-7.0668712 -77.4602514,-8.8205315 -77.6312206,-8.55458704 -77.32912977,-9.09435746
-78.17327133,-8.14536716 -78.00901572,-8.39290941 -78.48663451,-8.0425289 -78.048623458,-7.815552087 -78.56569871,-7.90250299 -77.89804083,-8.57042256 -78.04600251,-7.62374351 -78.75222202,-8.41427715 -77.6312206,-8.55458704 -78.17047055,-7.33606865 -77.29632102,-8.27593502
-78.48663451,-8.0425289 -78.56569871,-7.90250299 -78.17327133,-8.14536716 -78.75222202,-8.41427715 -78.048623458,-7.815552087 -78.00901572,-8.39290941 -78.04600251,-7.62374351 -78.81942291,-7.47945577 -79.10751502,-7.71379065 -78.80462726,-7.36612935 -78.17047055,-7.33606865
-78.56569871,-7.90250299 -78.48663451,-8.0425289 -78.17327133,-8.14536716 -78.81942291,-7.47945577 -78.048623458,-7.815552087 -78.75222202,-8.41427715 -79.10751502,-7.71379065 -78.80462726,-7.36612935 -78.04600251,-7.62374351 -78.17047055,-7.33606865 -78.00901572,-8.39290941
-78.048623458,-7.815552087 -78.04600251,-7.62374351 -78.17327133,-8.14536716 -78.48663451,-8.0425289 -78.17047055,-7.33606865 -78.56569871,-7.90250299 -78.00901572,-8.39290941 -77.70263615,-7.15387178 -77.89804083,-8.57042256 -78.81942291,-7.47945577 -77.6312206,-8.55458704
-79.10751502,-7.71379065 -78.81942291,-7.47945577 -78.80462726,-7.36612935 -79.50427765,-7.43205652 -78.56569871,-7.90250299 -79.42963328,-7.22728914 -78.82337069,-7.11834136 -78.48663451,-8.0425289 -78.85143349,-7.00044888 -78.75222202,-8.41427715 -78.17047055,-7.33606865
-78.04600251,-7.62374351 -78.048623458,-7.815552087 -78.17047055,-7.33606865 -78.17327133,-8.14536716 -77.70263615,-7.15387178 -78.56569871,-7.90250299 -78.48663451,-8.0425289 -78.14556339,-6.86553233 -78.00901572,-8.39290941 -78.81942291,-7.47945577 -78.80462726,-7.36612935
-78.81942291,-7.47945577 -78.80462726,-7.36612935 -78.82337069,-7.11834136 -79.10751502,-7.71379065 -78.85143349,-7.00044888 -78.56569871,-7.90250299 -78.48663451,-8.0425289 -79.42963328,-7.22728914 -78.17047055,-7.33606865 -79.50427765,-7.43205652 -78.04600251,-7.62374351
-79.50427765,-7.43205652 -79.42963328,-7.22728914 -79.10751502,-7.71379065 -78.81942291,-7.47945577 -78.80462726,-7.36612935 -78.82337069,-7.11834136 -78.85143349,-7.00044888 -79.90620927,-6.70410837 -79.78803991,-6.63922698 -78.94438562,-6.62613957 -78.56569871,-7.90250299
-78.80462726,-7.36612935 -78.81942291,-7.47945577 -78.82337069,-7.11834136 -78.85143349,-7.00044888 -79.10751502,-7.71379065 -78.56569871,-7.90250299 -78.17047055,-7.33606865 -79.42963328,-7.22728914 -79.50427765,-7.43205652 -78.51914578,-6.67954209 -78.48663451,-8.0425289
-78.17047055,-7.33606865 -78.04600251,-7.62374351 -78.14556339,-6.86553233 -78.048623458,-7.815552087 -77.70263615,-7.15387178 -78.80462726,-7.36612935 -78.81942291,-7.47945577 -78.82337069,-7.11834136 -78.56569871,-7.90250299 -78.51914578,-6.67954209 -78.85143349,-7.00044888
-79.42963328,-7.22728914 -79.50427765,-7.43205652 -79.10751502,-7.71379065 -78.82337069,-7.11834136 -78.85143349,-7.00044888 -78.80462726,-7.36612935 -78.81942291,-7.47945577 -79.78803991,-6.63922698 -79.90620927,-6.70410837 -78.94438562,-6.62613957 -78.65024461,-6.56157453
-76.72644242,-7.1804106 -76.58470096,-7.0668712 -76.771851596,-6.936411259 -76.33030096,-6.9206416 -76.69486503,-6.6139139 -76.35981815,-6.48771702 -76.5161846,-6.42183785 -77.70263615,-7.15387178 -76.51031276,-8.18864805 -77.4821999,-6.39590702 -77.16777252,-6.0626084
-77.70263615,-7.15387178 -78.17047055,-7.33606865 -78.14556339,-6.86553233 -78.04600251,-7.62374351 -78.048623458,-7.815552087 -77.4821999,-6.39590702 -78.51914578,-6.67954209 -76.771851596,-6.936411259 -76.72644242,-7.1804106 -77.95195967,-6.13903176 -78.17327133,-8.14536716
-78.82337069,-7.11834136 -78.85143349,-7.00044888 -78.80462726,-7.36612935 -78.81942291,-7.47945577 -78.94438562,-6.62613957 -78.51914578,-6.67954209 -78.65024461,-6.56157453 -79.42963328,-7.22728914 -79.10751502,-7.71379065 -78.17047055,-7.33606865 -78.14556339,-6.86553233
-76.58470096,-7.0668712 -76.72644242,-7.1804106 -76.771851596,-6.936411259 -76.33030096,-6.9206416 -76.69486503,-6.6139139 -76.35981815,-6.48771702 -76.5161846,-6.42183785 -77.4821999,-6.39590702 -77.70263615,-7.15387178 -76.51031276,-8.18864805 -77.16777252,-6.0626084
-78.85143349,-7.00044888 -78.82337069,-7.11834136 -78.80462726,-7.36612935 -78.94438562,-6.62613957 -78.51914578,-6.67954209 -78.81942291,-7.47945577 -78.65024461,-6.56157453 -79.42963328,-7.22728914 -78.81831305,-6.37735547 -78.14556339,-6.86553233 -79.10751502,-7.71379065
-76.771851596,-6.936411259 -76.58470096,-7.0668712 -76.72644242,-7.1804106 -76.69486503,-6.6139139 -76.33030096,-6.9206416 -76.5161846,-6.42183785 -76.35981815,-6.48771702 -77.4821999,-6.39590702 -77.70263615,-7.15387178 -77.16777252,-6.0626084 -76.51031276,-8.18864805
-76.33030096,-6.9206416 -76.58470096,-7.0668712 -76.35981815,-6.48771702 -76.771851596,-6.936411259 -76.72644242,-7.1804106 -76.69486503,-6.6139139 -76.5161846,-6.42183785 -77.16777252,-6.0626084 -77.4821999,-6.39590702 -76.51031276,-8.18864805 -77.70263615,-7.15387178
-78.14556339,-6.86553233 -78.51914578,-6.67954209 -78.17047055,-7.33606865 -77.70263615,-7.15387178 -78.65024461,-6.56157453 -78.85143349,-7.00044888 -78.82337069,-7.11834136 -77.95195967,-6.13903176 -78.04600251,-7.62374351 -77.4821999,-6.39590702 -78.80462726,-7.36612935
-79.90620927,-6.70410837 -79.78803991,-6.63922698 -79.42963328,-7.22728914 -79.50427765,-7.43205652 -78.94438562,-6.62613957 -78.85143349,-7.00044888 -78.81831305,-6.37735547 -78.82337069,-7.11834136 -78.65024461,-6.56157453 -78.80462726,-7.36612935 -79.10751502,-7.71379065
-78.51914578,-6.67954209 -78.65024461,-6.56157453 -78.14556339,-6.86553233 -78.81831305,-6.37735547 -78.94438562,-6.62613957 -78.85143349,-7.00044888 -78.82337069,-7.11834136 -78.17047055,-7.33606865 -78.80462726,-7.36612935 -77.95195967,-6.13903176 -78.81942291,-7.47945577
-79.78803991,-6.63922698 -79.90620927,-6.70410837 -79.42963328,-7.22728914 -79.50427765,-7.43205652 -78.94438562,-6.62613957 -78.85143349,-7.00044888 -78.81831305,-6.37735547 -78.82337069,-7.11834136 -78.65024461,-6.56157453 -78.80462726,-7.36612935 -78.51914578,-6.67954209
-78.94438562,-6.62613957 -78.81831305,-6.37735547 -78.65024461,-6.56157453 -78.85143349,-7.00044888 -78.51914578,-6.67954209 -78.82337069,-7.11834136 -78.80462726,-7.36612935 -79.42963328,-7.22728914 -78.14556339,-6.86553233 -79.78803991,-6.63922698 -78.81942291,-7.47945577
-76.69486503,-6.6139139 -76.5161846,-6.42183785 -76.771851596,-6.936411259 -76.35981815,-6.48771702 -76.58470096,-7.0668712 -76.33030096,-6.9206416 -76.72644242,-7.1804106 -77.16777252,-6.0626084 -77.4821999,-6.39590702 -77.70263615,-7.15387178 -77.79809916,-5.90432416
-78.65024461,-6.56157453 -78.51914578,-6.67954209 -78.81831305,-6.37735547 -78.94438562,-6.62613957 -78.85143349,-7.00044888 -78.82337069,-7.11834136 -78.14556339,-6.86553233 -77.95195967,-6.13903176 -78.80462726,-7.36612935 -78.4422019,-5.75441765 -78.80782547,-5.70880322
-76.35981815,-6.48771702 -76.5161846,-6.42183785 -76.69486503,-6.6139139 -76.33030096,-6.9206416 -76.771851596,-6.936411259 -76.58470096,-7.0668712 -76.72644242,-7.1804106 -77.16777252,-6.0626084 -77.4821999,-6.39590702 -77.70263615,-7.15387178 -77.79809916,-5.90432416
-76.5161846,-6.42183785 -76.35981815,-6.48771702 -76.69486503,-6.6139139 -76.33030096,-6.9206416 -76.771851596,-6.936411259 -76.58470096,-7.0668712 -77.16777252,-6.0626084 -76.72644242,-7.1804106 -77.4821999,-6.39590702 -77.79809916,-5.90432416 -77.70263615,-7.15387178
-77.4821999,-6.39590702 -77.16777252,-6.0626084 -77.95195967,-6.13903176 -77.79809916,-5.90432416 -77.70263615,-7.15387178 -78.14556339,-6.86553233 -76.69486503,-6.6139139 -76.771851596,-6.936411259 -76.5161846,-6.42183785 -78.51914578,-6.67954209 -76.72644242,-7.1804106
-78.81831305,-6.37735547 -78.65024461,-6.56157453 -78.94438562,-6.62613957 -78.51914578,-6.67954209 -78.85143349,-7.00044888 -78.80782547,-5.70880322 -78.4422019,-5.75441765 -78.82337069,-7.11834136 -78.53166353,-5.63906152 -78.14556339,-6.86553233 -77.95195967,-6.13903176
-77.95195967,-6.13903176 -77.79809916,-5.90432416 -77.4821999,-6.39590702 -78.4422019,-5.75441765 -78.14556339,-6.86553233 -78.53166353,-5.63906152 -78.51914578,-6.67954209 -77.16777252,-6.0626084 -78.65024461,-6.56157453 -78.81831305,-6.37735547 -78.80782547,-5.70880322
-77.16777252,-6.0626084 -77.4821999,-6.39590702 -77.79809916,-5.90432416 -76.69486503,-6.6139139 -76.5161846,-6.42183785 -77.95195967,-6.13903176 -76.35981815,-6.48771702 -76.771851596,-6.936411259 -76.58470096,-7.0668712 -76.33030096,-6.9206416 -76.72644242,-7.1804106
-77.79809916,-5.90432416 -77.95195967,-6.13903176 -77.4821999,-6.39590702 -77.16777252,-6.0626084 -78.4422019,-5.75441765 -78.53166353,-5.63906152 -78.14556339,-6.86553233 -78.80782547,-5.70880322 -78.51914578,-6.67954209 -78.65024461,-6.56157453 -78.81831305,-6.37735547
-78.4422019,-5.75441765 -78.53166353,-5.63906152 -78.80782547,-5.70880322 -77.95195967,-6.13903176 -77.79809916,-5.90432416 -78.81831305,-6.37735547 -79.00497127,-5.14625044 -78.65024461,-6.56157453 -78.51914578,-6.67954209 -78.94438562,-6.62613957 -79.4506261,-5.23900158
-78.80782547,-5.70880322 -78.53166353,-5.63906152 -78.4422019,-5.75441765 -79.00497127,-5.14625044 -78.81831305,-6.37735547 -79.4506261,-5.23900158 -78.65024461,-6.56157453 -78.94438562,-6.62613957 -77.95195967,-6.13903176 -78.51914578,-6.67954209 -77.79809916,-5.90432416
-78.53166353,-5.63906152 -78.4422019,-5.75441765 -78.80782547,-5.70880322 -79.00497127,-5.14625044 -77.95195967,-6.13903176 -77.79809916,-5.90432416 -78.81831305,-6.37735547 -78.65024461,-6.56157453 -79.4506261,-5.23900158 -78.51914578,-6.67954209 -78.94438562,-6.62613957
-80.82227528,-5.55754525 -81.11366746,-5.08512676 -80.68738053,-4.8900439 -80.16085341,-5.09655103 -81.27182053,-4.57969115 -79.4506261,-5.23900158 -79.71523023,-4.64022578 -79.90620927,-6.70410837 -79.78803991,-6.63922698 -79.00497127,-5.14625044 -80.6762874,-3.68066765
-79.4506261,-5.23900158 -79.00497127,-5.14625044 -79.71523023,-4.64022578 -80.16085341,-5.09655103 -78.80782547,-5.70880322 -78.53166353,-5.63906152 -78.4422019,-5.75441765 -80.68738053,-4.8900439 -78.81831305,-6.37735547 -80.82227528,-5.55754525 -79.78803991,-6.63922698
-79.00497127,-5.14625044 -79.4506261,-5.23900158 -78.80782547,-5.70880322 -78.53166353,-5.63906152 -78.4422019,-5.75441765 -79.71523023,-4.64022578 -80.16085341,-5.09655103 -78.81831305,-6.37735547 -77.86447689,-4.59234702 -77.79809916,-5.90432416 -77.95195967,-6.13903176
-80.16085341,-5.09655103 -80.68738053,-4.8900439 -79.71523023,-4.64022578 -79.4506261,-5.23900158 -80.82227528,-5.55754525 -81.11366746,-5.08512676 -79.00497127,-5.14625044 -81.27182053,-4.57969115 -78.80782547,-5.70880322 -80.6762874,-3.68066765 -79.78803991,-6.63922698
-81.11366746,-5.08512676 -80.68738053,-4.8900439 -81.27182053,-4.57969115 -80.82227528,-5.55754525 -80.16085341,-5.09655103 -79.71523023,-4.64022578 -80.6762874,-3.68066765 -79.4506261,-5.23900158 -80.27502228,-3.5006804 -79.90620927,-6.70410837 -79.78803991,-6.63922698
-80.68738053,-4.8900439 -81.11366746,-5.08512676 -80.16085341,-5.09655103 -81.27182053,-4.57969115 -80.82227528,-5.55754525 -79.71523023,-4.64022578 -80.6762874,-3.68066765 -79.4506261,-5.23900158 -80.27502228,-3.5006804 -79.00497127,-5.14625044 -79.78803991,-6.63922698
-76.5545112,-4.8315686 -77.86447689,-4.59234702 -77.16777252,-6.0626084 -76.5161846,-6.42183785 -77.79809916,-5.90432416 -76.35981815,-6.48771702 -76.69486503,-6.6139139 -77.4821999,-6.39590702 -77.95195967,-6.13903176 -76.33030096,-6.9206416 -78.4422019,-5.75441765
-79.71523023,-4.64022578 -80.16085341,-5.09655103 -79.4506261,-5.23900158 -79.00497127,-5.14625044 -80.68738053,-4.8900439 -80.27502228,-3.5006804 -80.6762874,-3.68066765 -78.80782547,-5.70880322 -80.82227528,-5.55754525 -81.11366746,-5.08512676 -78.53166353,-5.63906152
-77.86447689,-4.59234702 -78.53166353,-5.63906152 -79.00497127,-5.14625044 -78.4422019,-5.75441765 -77.79809916,-5.90432416 -76.5545112,-4.8315686 -78.80782547,-5.70880322 -77.95195967,-6.13903176 -77.16777252,-6.0626084 -79.4506261,-5.23900158 -77.4821999,-6.39590702
-81.27182053,-4.57969115 -81.11366746,-5.08512676 -80.68738053,-4.8900439 -80.82227528,-5.55754525 -80.6762874,-3.68066765 -80.16085341,-5.09655103 -80.27502228,-3.5006804 -79.71523023,-4.64022578 -79.4506261,-5.23900158 -79.00497127,-5.14625044 -79.90620927,-6.70410837
-80.6762874,-3.68066765 -80.27502228,-3.5006804 -81.27182053,-4.57969115 -80.68738053,-4.8900439 -79.71523023,-4.64022578 -81.11366746,-5.08512676 -80.16085341,-5.09655103 -80.82227528,-5.55754525 -79.4506261,-5.23900158 -79.00497127,-5.14625044 -78.80782547,-5.70880322
-80.27502228,-3.5006804 -80.6762874,-3.68066765 -79.71523023,-4.64022578 -80.68738053,-4.8900439 -81.27182053,-4.57969115 -80.16085341,-5.09655103 -81.11366746,-5.08512676 -79.4506261,-5.23900158 -79.00497127,-5.14625044 -80.82227528,-5.55754525 -77.86447689,-4.59234702
