-75.99429652,-9.89747595 -76.00028442,-9.29838119 -75.5086237,-9.03687544 -74.96594262,-9.37935836 -75.00906072,-7.35052054 -76.104405351,-5.895268749 -73.856386,-5.06369292 -70.71008654,-9.77235992 -73.5754598,-4.50661633 -70.51679052,-3.9059914 -72.66825135,-2.44719667
-70.71008654,-9.77235992 -74.96594262,-9.37935836 -75.5086237,-9.03687544 -75.00906072,-7.35052054 -75.99429652,-9.89747595 -76.00028442,-9.29838119 -73.856386,-5.06369292 -70.51679052,-3.9059914 -73.5754598,-4.50661633 -76.104405351,-5.895268749 -72.66825135,-2.44719667
-74.96594262,-9.37935836 -75.5086237,-9.03687544 -76.00028442,-9.29838119 -75.99429652,-9.89747595 -75.00906072,-7.35052054 -76.104405351,-5.895268749 -70.71008654,-9.77235992 -73.856386,-5.06369292 -73.5754598,-4.50661633 -70.51679052,-3.9059914 -72.66825135,-2.44719667
-76.00028442,-9.29838119 -75.5086237,-9.03687544 -75.99429652,-9.89747595 -74.96594262,-9.37935836 -75.00906072,-7.35052054 -76.104405351,-5.895268749 -73.856386,-5.06369292 -70.71008654,-9.77235992 -73.5754598,-4.50661633 -72.66825135,-2.44719667 -70.51679052,-3.9059914
-75.5086237,-9.03687544 -76.00028442,-9.29838119 -74.96594262,-9.37935836 -75.99429652,-9.89747595 -75.00906072,-7.35052054 -76.104405351,-5.895268749 -73.856386,-5.06369292 -70.71008654,-9.77235992 -73.5754598,-4.50661633 -70.51679052,-3.9059914 -72.66825135,-2.44719667
-75.00906072,-7.35052054 -75.5086237,-9.03687544 -76.104405351,-5.895268749 -74.96594262,-9.37935836 -76.00028442,-9.29838119 -73.856386,-5.06369292 -75.99429652,-9.89747595 -73.5754598,-4.50661633 -70.71008654,-9.77235992 -72.66825135,-2.44719667 -70.51679052,-3.9059914
-76.104405351,-5.895268749 -75.00906072,-7.35052054 -73.856386,-5.06369292 -73.5754598,-4.50661633 -75.5086237,-9.03687544 -76.00028442,-9.29838119 -74.96594262,-9.37935836 -75.99429652,-9.89747595 -72.66825135,-2.44719667 -70.51679052,-3.9059914 -70.71008654,-9.77235992
-73.856386,-5.06369292 -73.5754598,-4.50661633 -76.104405351,-5.895268749 -75.00906072,-7.35052054 -72.66825135,-2.44719667 -70.51679052,-3.9059914 -75.5086237,-9.03687544 -74.96594262,-9.37935836 -76.00028442,-9.29838119 -75.99429652,-9.89747595 -70.71008654,-9.77235992
-73.5754598,-4.50661633 -73.856386,-5.06369292 -72.66825135,-2.44719667 -76.104405351,-5.895268749 -70.51679052,-3.9059914 -75.00906072,-7.35052054 -75.5086237,-9.03687544 -74.96594262,-9.37935836 -76.00028442,-9.29838119 -75.99429652,-9.89747595 -70.71008654,-9.77235992
-70.51679052,-3.9059914 -72.66825135,-2.44719667 -73.5754598,-4.50661633 -73.856386,-5.06369292 -75.00906072,-7.35052054 -70.71008654,-9.77235992 -76.104405351,-5.895268749 -74.96594262,-9.37935836 -75.5086237,-9.03687544 -76.00028442,-9.29838119 -75.99429652,-9.89747595
-72.66825135,-2.44719667 -73.5754598,-4.50661633 -70.51679052,-3.9059914 -73.856386,-5.06369292 -76.104405351,-5.895268749 -75.00906072,-7.35052054 -75.5086237,-9.03687544 -74.96594262,-9.37935836 -70.71008654,-9.77235992 -76.00028442,-9.29838119 -75.99429652,-9.89747595
