-75.4991089,-11.78117015 -75.48633327,-11.74879842 -75.46947414,-11.76013166 -75.4861724,-11.72610466 -75.43566565,-11.75956577 -75.54645701,-11.73136304 -75.44580565,-11.73751978 -75.47452815,-11.71330266 -75.56120165,-11.74012702 -75.51839552,-11.7089329 -75.57034989,-11.72967865
-74.7951889,-11.76895878 -74.80225753,-11.72859815 -75.08217964,-11.71797879 -75.10209215,-11.65993891 -75.08968301,-11.61926404 -74.75199589,-11.40434841 -74.59052274,-11.38158225 -74.48811883,-11.42815745 -74.62751088,-11.29077828 -74.53087427,-11.32871341 -74.6598074,-11.20840265
-75.61118889,-11.76464066 -75.62360852,-11.73902652 -75.57034989,-11.72967865 -75.56120165,-11.74012702 -75.54645701,-11.73136304 -75.51839552,-11.7089329 -75.4991089,-11.78117015 -75.48633327,-11.74879842 -75.4861724,-11.72610466 -75.46947414,-11.76013166 -75.47452815,-11.71330266
-75.46947414,-11.76013166 -75.48633327,-11.74879842 -75.44580565,-11.73751978 -75.43566565,-11.75956577 -75.4991089,-11.78117015 -75.4861724,-11.72610466 -75.47452815,-11.71330266 -75.51839552,-11.7089329 -75.54645701,-11.73136304 -75.56120165,-11.74012702 -75.57034989,-11.72967865
-75.43566565,-11.75956577 -75.44580565,-11.73751978 -75.46947414,-11.76013166 -75.48633327,-11.74879842 -75.47452815,-11.71330266 -75.4861724,-11.72610466 -75.4991089,-11.78117015 -75.51839552,-11.7089329 -75.54645701,-11.73136304 -75.56120165,-11.74012702 -75.57034989,-11.72967865
-75.48633327,-11.74879842 -75.46947414,-11.76013166 -75.4861724,-11.72610466 -75.4991089,-11.78117015 -75.47452815,-11.71330266 -75.44580565,-11.73751978 -75.51839552,-11.7089329 -75.43566565,-11.75956577 -75.54645701,-11.73136304 -75.56120165,-11.74012702 -75.57034989,-11.72967865
-75.56120165,-11.74012702 -75.57034989,-11.72967865 -75.54645701,-11.73136304 -75.51839552,-11.7089329 -75.61118889,-11.76464066 -75.62360852,-11.73902652 -75.4991089,-11.78117015 -75.48633327,-11.74879842 -75.4861724,-11.72610466 -75.47452815,-11.71330266 -75.46947414,-11.76013166
-75.62360852,-11.73902652 -75.61118889,-11.76464066 -75.57034989,-11.72967865 -75.56120165,-11.74012702 -75.54645701,-11.73136304 -75.51839552,-11.7089329 -75.4991089,-11.78117015 -75.75598206,-11.73276581 -75.48633327,-11.74879842 -75.4861724,-11.72610466 -75.47452815,-11.71330266
-75.44580565,-11.73751978 -75.43566565,-11.75956577 -75.46947414,-11.76013166 -75.47452815,-11.71330266 -75.4861724,-11.72610466 -75.48633327,-11.74879842 -75.4991089,-11.78117015 -75.51839552,-11.7089329 -75.54645701,-11.73136304 -75.56120165,-11.74012702 -75.57034989,-11.72967865
-75.75598206,-11.73276581 -75.62360852,-11.73902652 -75.61118889,-11.76464066 -75.57034989,-11.72967865 -75.56120165,-11.74012702 -75.54645701,-11.73136304 -75.51839552,-11.7089329 -75.65264226,-11.51161584 -75.4991089,-11.78117015 -75.4861724,-11.72610466 -75.48633327,-11.74879842
-75.54645701,-11.73136304 -75.56120165,-11.74012702 -75.57034989,-11.72967865 -75.51839552,-11.7089329 -75.4861724,-11.72610466 -75.48633327,-11.74879842 -75.4991089,-11.78117015 -75.61118889,-11.76464066 -75.47452815,-11.71330266 -75.62360852,-11.73902652 -75.46947414,-11.76013166
-75.57034989,-11.72967865 -75.56120165,-11.74012702 -75.54645701,-11.73136304 -75.61118889,-11.76464066 -75.62360852,-11.73902652 -75.51839552,-11.7089329 -75.4861724,-11.72610466 -75.48633327,-11.74879842 -75.4991089,-11.78117015 -75.47452815,-11.71330266 -75.46947414,-11.76013166
-74.80225753,-11.72859815 -74.7951889,-11.76895878 -75.08217964,-11.71797879 -75.08968301,-11.61926404 -75.10209215,-11.65993891 -74.75199589,-11.40434841 -74.59052274,-11.38158225 -74.48811883,-11.42815745 -74.62751088,-11.29077828 -74.53087427,-11.32871341 -74.6598074,-11.20840265
-75.4861724,-11.72610466 -75.47452815,-11.71330266 -75.48633327,-11.74879842 -75.51839552,-11.7089329 -75.46947414,-11.76013166 -75.44580565,-11.73751978 -75.4991089,-11.78117015 -75.54645701,-11.73136304 -75.43566565,-11.75956577 -75.56120165,-11.74012702 -75.57034989,-11.72967865
-72.9457073,-11.71937557 -73.04534614,-11.13777371 -74.30646677,-11.14766853 -74.48811883,-11.42815745 -74.53087427,-11.32871341 -74.59052274,-11.38158225 -74.62751088,-11.29077828 -74.6598074,-11.20840265 -74.75199589,-11.40434841 -74.7951889,-11.76895878 -74.80225753,-11.72859815
-75.08217964,-11.71797879 -75.10209215,-11.65993891 -75.08968301,-11.61926404 -74.80225753,-11.72859815 -74.7951889,-11.76895878 -75.43566565,-11.75956577 -75.44580565,-11.73751978 -75.46947414,-11.76013166 -75.47452815,-11.71330266 -75.4861724,-11.72610466 -75.48633327,-11.74879842
-75.47452815,-11.71330266 -75.4861724,-11.72610466 -75.48633327,-11.74879842 -75.44580565,-11.73751978 -75.51839552,-11.7089329 -75.46947414,-11.76013166 -75.43566565,-11.75956577 -75.4991089,-11.78117015 -75.54645701,-11.73136304 -75.56120165,-11.74012702 -75.57034989,-11.72967865
-75.51839552,-11.7089329 -75.54645701,-11.73136304 -75.4861724,-11.72610466 -75.47452815,-11.71330266 -75.48633327,-11.74879842 -75.56120165,-11.74012702 -75.57034989,-11.72967865 -75.46947414,-11.76013166 -75.4991089,-11.78117015 -75.44580565,-11.73751978 -75.43566565,-11.75956577
-75.10209215,-11.65993891 -75.08968301,-11.61926404 -75.08217964,-11.71797879 -74.80225753,-11.72859815 -74.7951889,-11.76895878 -75.43566565,-11.75956577 -75.44580565,-11.73751978 -75.32663915,-11.36077878 -75.47452815,-11.71330266 -75.46947414,-11.76013166 -75.4861724,-11.72610466
-75.08968301,-11.61926404 -75.10209215,-11.65993891 -75.08217964,-11.71797879 -74.80225753,-11.72859815 -74.7951889,-11.76895878 -75.32663915,-11.36077878 -75.43566565,-11.75956577 -75.44580565,-11.73751978 -75.47452815,-11.71330266 -74.75199589,-11.40434841 -75.46947414,-11.76013166
-75.52339327,-11.54262515 -75.65264226,-11.51161584 -75.56405279,-11.38997653 -75.51839552,-11.7089329 -75.47452815,-11.71330266 -75.4861724,-11.72610466 -75.54645701,-11.73136304 -75.57034989,-11.72967865 -75.56120165,-11.74012702 -75.56892011,-11.34625783 -75.48633327,-11.74879842
-75.65264226,-11.51161584 -75.52339327,-11.54262515 -75.56405279,-11.38997653 -75.65921854,-11.35297988 -75.75192392,-11.37732628 -75.56892011,-11.34625783 -75.62360852,-11.73902652 -75.57034989,-11.72967865 -75.51839552,-11.7089329 -75.54645701,-11.73136304 -75.75598206,-11.73276581
-69.32184702,-11.45455829 -69.48926127,-11.40709316 -72.9457073,-11.71937557 -73.04534614,-11.13777371 -72.76048674,-9.53161751 -73.95684605,-10.02987914 -74.30646677,-11.14766853 -74.48811883,-11.42815745 -74.53087427,-11.32871341 -74.59052274,-11.38158225 -74.62751088,-11.29077828
-74.48811883,-11.42815745 -74.53087427,-11.32871341 -74.59052274,-11.38158225 -74.62751088,-11.29077828 -74.75199589,-11.40434841 -74.6598074,-11.20840265 -74.30646677,-11.14766853 -74.80225753,-11.72859815 -74.7951889,-11.76895878 -75.08968301,-11.61926404 -74.87289398,-10.92626083
-69.48926127,-11.40709316 -69.32184702,-11.45455829 -72.9457073,-11.71937557 -73.04534614,-11.13777371 -72.76048674,-9.53161751 -73.95684605,-10.02987914 -74.30646677,-11.14766853 -74.48811883,-11.42815745 -74.53087427,-11.32871341 -74.59052274,-11.38158225 -74.62751088,-11.29077828
-74.75199589,-11.40434841 -74.59052274,-11.38158225 -74.62751088,-11.29077828 -74.6598074,-11.20840265 -74.53087427,-11.32871341 -74.48811883,-11.42815745 -74.80225753,-11.72859815 -74.7951889,-11.76895878 -75.08968301,-11.61926404 -75.10209215,-11.65993891 -75.08217964,-11.71797879
-75.56405279,-11.38997653 -75.56892011,-11.34625783 -75.65921854,-11.35297988 -75.65264226,-11.51161584 -75.65031916,-11.26527801 -75.52339327,-11.54262515 -75.75192392,-11.37732628 -75.77220505,-11.29577247 -75.32663915,-11.36077878 -75.34207158,-11.24205307 -75.51839552,-11.7089329
-74.59052274,-11.38158225 -74.53087427,-11.32871341 -74.62751088,-11.29077828 -74.48811883,-11.42815745 -74.75199589,-11.40434841 -74.6598074,-11.20840265 -74.30646677,-11.14766853 -74.80225753,-11.72859815 -74.7951889,-11.76895878 -74.87289398,-10.92626083 -75.08968301,-11.61926404
-75.75192392,-11.37732628 -75.77220505,-11.29577247 -75.65921854,-11.35297988 -75.65031916,-11.26527801 -75.65264226,-11.51161584 -75.86270257,-11.24951896 -75.56892011,-11.34625783 -75.56405279,-11.38997653 -75.52339327,-11.54262515 -75.75598206,-11.73276581 -75.62360852,-11.73902652
-75.32663915,-11.36077878 -75.34207158,-11.24205307 -75.56405279,-11.38997653 -75.35202943,-11.12102178 -75.56892011,-11.34625783 -75.52339327,-11.54262515 -75.65921854,-11.35297988 -75.65031916,-11.26527801 -75.08968301,-11.61926404 -75.65264226,-11.51161584 -75.10209215,-11.65993891
-75.65921854,-11.35297988 -75.65031916,-11.26527801 -75.56892011,-11.34625783 -75.75192392,-11.37732628 -75.56405279,-11.38997653 -75.77220505,-11.29577247 -75.65264226,-11.51161584 -75.86270257,-11.24951896 -75.52339327,-11.54262515 -75.32663915,-11.36077878 -75.34207158,-11.24205307
-75.56892011,-11.34625783 -75.56405279,-11.38997653 -75.65921854,-11.35297988 -75.65031916,-11.26527801 -75.65264226,-11.51161584 -75.75192392,-11.37732628 -75.52339327,-11.54262515 -75.77220505,-11.29577247 -75.32663915,-11.36077878 -75.34207158,-11.24205307 -75.86270257,-11.24951896
-74.53087427,-11.32871341 -74.59052274,-11.38158225 -74.62751088,-11.29077828 -74.48811883,-11.42815745 -74.6598074,-11.20840265 -74.75199589,-11.40434841 -74.30646677,-11.14766853 -74.80225753,-11.72859815 -74.7951889,-11.76895878 -74.87289398,-10.92626083 -75.08968301,-11.61926404
-75.77220505,-11.29577247 -75.75192392,-11.37732628 -75.86270257,-11.24951896 -75.65031916,-11.26527801 -75.65921854,-11.35297988 -75.56892011,-11.34625783 -75.56405279,-11.38997653 -75.65264226,-11.51161584 -75.87776115,-10.96749217 -75.52339327,-11.54262515 -75.34207158,-11.24205307
-74.62751088,-11.29077828 -74.6598074,-11.20840265 -74.59052274,-11.38158225 -74.53087427,-11.32871341 -74.75199589,-11.40434841 -74.48811883,-11.42815745 -74.30646677,-11.14766853 -74.87289398,-10.92626083 -74.80225753,-11.72859815 -74.7951889,-11.76895878 -75.08968301,-11.61926404
-75.65031916,-11.26527801 -75.65921854,-11.35297988 -75.56892011,-11.34625783 -75.77220505,-11.29577247 -75.75192392,-11.37732628 -75.56405279,-11.38997653 -75.86270257,-11.24951896 -75.65264226,-11.51161584 -75.52339327,-11.54262515 -75.34207158,-11.24205307 -75.35202943,-11.12102178
-75.86270257,-11.24951896 -75.77220505,-11.29577247 -75.75192392,-11.37732628 -75.65031916,-11.26527801 -75.65921854,-11.35297988 -75.87776115,-10.96749217 -75.56892011,-11.34625783 -75.56405279,-11.38997653 -75.65264226,-11.51161584 -75.52339327,-11.54262515 -75.813492877,-10.77466897
-75.34207158,-11.24205307 -75.32663915,-11.36077878 -75.35202943,-11.12102178 -75.56892011,-11.34625783 -75.56405279,-11.38997653 -75.65031916,-11.26527801 -75.22500636,-10.94820397 -75.65921854,-11.35297988 -75.52339327,-11.54262515 -75.28723229,-10.88865615 -75.65264226,-11.51161584
-74.6598074,-11.20840265 -74.62751088,-11.29077828 -74.53087427,-11.32871341 -74.59052274,-11.38158225 -74.75199589,-11.40434841 -74.48811883,-11.42815745 -74.87289398,-10.92626083 -74.30646677,-11.14766853 -74.80225753,-11.72859815 -74.7951889,-11.76895878 -75.08968301,-11.61926404
-74.30646677,-11.14766853 -74.53087427,-11.32871341 -74.48811883,-11.42815745 -74.62751088,-11.29077828 -74.6598074,-11.20840265 -74.59052274,-11.38158225 -74.75199589,-11.40434841 -74.87289398,-10.92626083 -74.80225753,-11.72859815 -74.7951889,-11.76895878 -75.08968301,-11.61926404
-73.04534614,-11.13777371 -72.9457073,-11.71937557 -74.30646677,-11.14766853 -73.95684605,-10.02987914 -74.48811883,-11.42815745 -74.53087427,-11.32871341 -74.59052274,-11.38158225 -74.62751088,-11.29077828 -74.6598074,-11.20840265 -72.76048674,-9.53161751 -74.75199589,-11.40434841
-75.35202943,-11.12102178 -75.34207158,-11.24205307 -75.22500636,-10.94820397 -75.32663915,-11.36077878 -75.28723229,-10.88865615 -75.56892011,-11.34625783 -75.65031916,-11.26527801 -75.56405279,-11.38997653 -75.65921854,-11.35297988 -75.26772813,-10.73518354 -75.77220505,-11.29577247
-75.87776115,-10.96749217 -75.813492877,-10.77466897 -75.86270257,-11.24951896 -75.77220505,-11.29577247 -75.65031916,-11.26527801 -75.75192392,-11.37732628 -75.65921854,-11.35297988 -75.56892011,-11.34625783 -75.56405279,-11.38997653 -75.35202943,-11.12102178 -75.43878462,-10.60272559
-75.22500636,-10.94820397 -75.28723229,-10.88865615 -75.35202943,-11.12102178 -75.26772813,-10.73518354 -75.34207158,-11.24205307 -74.87289398,-10.92626083 -75.43878462,-10.60272559 -75.32663915,-11.36077878 -75.56892011,-11.34625783 -75.65031916,-11.26527801 -75.56405279,-11.38997653
-74.87289398,-10.92626083 -75.22500636,-10.94820397 -74.6598074,-11.20840265 -75.28723229,-10.88865615 -75.26772813,-10.73518354 -74.62751088,-11.29077828 -74.75199589,-11.40434841 -75.35202943,-11.12102178 -74.53087427,-11.32871341 -74.59052274,-11.38158225 -75.34207158,-11.24205307
-75.28723229,-10.88865615 -75.22500636,-10.94820397 -75.26772813,-10.73518354 -75.35202943,-11.12102178 -75.43878462,-10.60272559 -75.34207158,-11.24205307 -74.87289398,-10.92626083 -75.32663915,-11.36077878 -75.52441698,-10.42633735 -75.65031916,-11.26527801 -75.56892011,-11.34625783
-75.813492877,-10.77466897 -75.87776115,-10.96749217 -75.43878462,-10.60272559 -75.52441698,-10.42633735 -75.86270257,-11.24951896 -75.65031916,-11.26527801 -75.77220505,-11.29577247 -75.28723229,-10.88865615 -75.26772813,-10.73518354 -75.35202943,-11.12102178 -75.65921854,-11.35297988
-75.26772813,-10.73518354 -75.28723229,-10.88865615 -75.43878462,-10.60272559 -75.22500636,-10.94820397 -75.35202943,-11.12102178 -75.52441698,-10.42633735 -74.87289398,-10.92626083 -75.34207158,-11.24205307 -75.813492877,-10.77466897 -74.93552776,-10.29741005 -75.14951804,-10.1843937
-75.43878462,-10.60272559 -75.52441698,-10.42633735 -75.26772813,-10.73518354 -75.28723229,-10.88865615 -75.22500636,-10.94820397 -75.813492877,-10.77466897 -75.14951804,-10.1843937 -75.35202943,-11.12102178 -75.550716322,-10.070812495 -75.87776115,-10.96749217 -74.93552776,-10.29741005
-75.52441698,-10.42633735 -75.43878462,-10.60272559 -75.550716322,-10.070812495 -75.26772813,-10.73518354 -75.14951804,-10.1843937 -75.813492877,-10.77466897 -75.28723229,-10.88865615 -75.22500636,-10.94820397 -74.93552776,-10.29741005 -75.87776115,-10.96749217 -75.35202943,-11.12102178
-74.93552776,-10.29741005 -75.14951804,-10.1843937 -75.01737381,-9.85719725 -75.26772813,-10.73518354 -75.43878462,-10.60272559 -75.52441698,-10.42633735 -74.87289398,-10.92626083 -75.550716322,-10.070812495 -74.97467506,-9.62780809 -75.28723229,-10.88865615 -75.22500636,-10.94820397
-75.14951804,-10.1843937 -74.93552776,-10.29741005 -75.01737381,-9.85719725 -75.550716322,-10.070812495 -75.52441698,-10.42633735 -75.43878462,-10.60272559 -75.26772813,-10.73518354 -74.97467506,-9.62780809 -75.46293053,-9.66991091 -75.28723229,-10.88865615 -75.22500636,-10.94820397
-75.550716322,-10.070812495 -75.52441698,-10.42633735 -75.46293053,-9.66991091 -75.14951804,-10.1843937 -75.43878462,-10.60272559 -75.01737381,-9.85719725 -74.93552776,-10.29741005 -75.26772813,-10.73518354 -74.97467506,-9.62780809 -75.813492877,-10.77466897 -75.28723229,-10.88865615
-73.95684605,-10.02987914 -74.44082014,-9.3065569 -74.93552776,-10.29741005 -75.01737381,-9.85719725 -74.97467506,-9.62780809 -74.30646677,-11.14766853 -75.14951804,-10.1843937 -74.87289398,-10.92626083 -72.76048674,-9.53161751 -74.70266442,-8.93379299 -74.6598074,-11.20840265
-75.01737381,-9.85719725 -74.97467506,-9.62780809 -75.14951804,-10.1843937 -74.93552776,-10.29741005 -75.46293053,-9.66991091 -75.550716322,-10.070812495 -75.52441698,-10.42633735 -74.44082014,-9.3065569 -75.43878462,-10.60272559 -75.26772813,-10.73518354 -74.70266442,-8.93379299
-75.46293053,-9.66991091 -75.550716322,-10.070812495 -75.01737381,-9.85719725 -74.97467506,-9.62780809 -75.83615984,-9.20558461 -75.14951804,-10.1843937 -75.52441698,-10.42633735 -74.93552776,-10.29741005 -75.21330429,-8.82874237 -75.43878462,-10.60272559 -75.05061778,-8.82842601
-74.97467506,-9.62780809 -75.01737381,-9.85719725 -75.46293053,-9.66991091 -75.14951804,-10.1843937 -74.44082014,-9.3065569 -74.93552776,-10.29741005 -75.550716322,-10.070812495 -74.70266442,-8.93379299 -75.05061778,-8.82842601 -75.21330429,-8.82874237 -74.70886033,-8.76894642
-72.76048674,-9.53161751 -73.95684605,-10.02987914 -73.04534614,-11.13777371 -74.44082014,-9.3065569 -74.3062909,-8.60518377 -74.70266442,-8.93379299 -74.70886033,-8.76894642 -74.5368095,-8.39819083 -74.57586903,-8.35479099 -72.9457073,-11.71937557 -74.97467506,-9.62780809
-74.44082014,-9.3065569 -74.70266442,-8.93379299 -74.70886033,-8.76894642 -74.97467506,-9.62780809 -74.3062909,-8.60518377 -75.05061778,-8.82842601 -75.01737381,-9.85719725 -74.9645612,-8.63943517 -73.95684605,-10.02987914 -75.21330429,-8.82874237 -74.80558215,-8.4723884
-75.83615984,-9.20558461 -75.46293053,-9.66991091 -75.21330429,-8.82874237 -75.05061778,-8.82842601 -75.550716322,-10.070812495 -74.97467506,-9.62780809 -75.1529121,-8.43417703 -74.9645612,-8.63943517 -75.01737381,-9.85719725 -74.70266442,-8.93379299 -75.14951804,-10.1843937
-74.70266442,-8.93379299 -74.70886033,-8.76894642 -75.05061778,-8.82842601 -74.9645612,-8.63943517 -74.44082014,-9.3065569 -74.80558215,-8.4723884 -74.3062909,-8.60518377 -75.21330429,-8.82874237 -74.5368095,-8.39819083 -74.57586903,-8.35479099 -74.86265365,-8.30970665
-75.21330429,-8.82874237 -75.05061778,-8.82842601 -74.9645612,-8.63943517 -75.1529121,-8.43417703 -74.70886033,-8.76894642 -74.70266442,-8.93379299 -74.80558215,-8.4723884 -74.86265365,-8.30970665 -75.83615984,-9.20558461 -74.57586903,-8.35479099 -74.5368095,-8.39819083
-75.05061778,-8.82842601 -75.21330429,-8.82874237 -74.9645612,-8.63943517 -74.70886033,-8.76894642 -74.70266442,-8.93379299 -75.1529121,-8.43417703 -74.80558215,-8.4723884 -74.86265365,-8.30970665 -74.5368095,-8.39819083 -74.57586903,-8.35479099 -74.44082014,-9.3065569
-74.70886033,-8.76894642 -74.70266442,-8.93379299 -74.9645612,-8.63943517 -74.80558215,-8.4723884 -75.05061778,-8.82842601 -74.5368095,-8.39819083 -74.3062909,-8.60518377 -74.57586903,-8.35479099 -74.86265365,-8.30970665 -75.21330429,-8.82874237 -75.1529121,-8.43417703
-74.9645612,-8.63943517 -75.05061778,-8.82842601 -74.80558215,-8.4723884 -75.1529121,-8.43417703 -74.70886033,-8.76894642 -75.21330429,-8.82874237 -74.86265365,-8.30970665 -74.70266442,-8.93379299 -74.57586903,-8.35479099 -74.5368095,-8.39819083 -74.3062909,-8.60518377
-74.3062909,-8.60518377 -74.5368095,-8.39819083 -74.57586903,-8.35479099 -74.70886033,-8.76894642 -74.70266442,-8.93379299 -74.80558215,-8.4723884 -74.86265365,-8.30970665 -74.9645612,-8.63943517 -74.44082014,-9.3065569 -75.05061778,-8.82842601 -74.84077733,-7.94675579
-74.80558215,-8.4723884 -74.86265365,-8.30970665 -74.9645612,-8.63943517 -74.57586903,-8.35479099 -74.5368095,-8.39819083 -74.70886033,-8.76894642 -75.1529121,-8.43417703 -75.05061778,-8.82842601 -74.70266442,-8.93379299 -74.3062909,-8.60518377 -74.84077733,-7.94675579
-75.1529121,-8.43417703 -74.9645612,-8.63943517 -74.86265365,-8.30970665 -74.80558215,-8.4723884 -75.21330429,-8.82874237 -75.05061778,-8.82842601 -74.70886033,-8.76894642 -74.84077733,-7.94675579 -74.57586903,-8.35479099 -74.5368095,-8.39819083 -74.70266442,-8.93379299
-74.5368095,-8.39819083 -74.57586903,-8.35479099 -74.80558215,-8.4723884 -74.3062909,-8.60518377 -74.86265365,-8.30970665 -74.70886033,-8.76894642 -74.9645612,-8.63943517 -74.84077733,-7.94675579 -74.70266442,-8.93379299 -75.1529121,-8.43417703 -75.05061778,-8.82842601
-74.57586903,-8.35479099 -74.5368095,-8.39819083 -74.80558215,-8.4723884 -74.86265365,-8.30970665 -74.3062909,-8.60518377 -74.70886033,-8.76894642 -74.9645612,-8.63943517 -74.84077733,-7.94675579 -75.1529121,-8.43417703 -74.70266442,-8.93379299 -75.05061778,-8.82842601
-74.86265365,-8.30970665 -74.80558215,-8.4723884 -74.57586903,-8.35479099 -75.1529121,-8.43417703 -74.5368095,-8.39819083 -74.9645612,-8.63943517 -74.84077733,-7.94675579 -74.70886033,-8.76894642 -75.05061778,-8.82842601 -75.21330429,-8.82874237 -74.3062909,-8.60518377
-74.84077733,-7.94675579 -74.86265365,-8.30970665 -74.57586903,-8.35479099 -74.80558215,-8.4723884 -74.5368095,-8.39819083 -75.1529121,-8.43417703 -74.9645612,-8.63943517 -74.70886033,-8.76894642 -74.3062909,-8.60518377 -75.29365419,-7.19632941 -75.05061778,-8.82842601
-75.29365419,-7.19632941 -75.26311849,-7.11714195 -75.15827561,-6.91147176 -75.11699506,-6.39343846 -74.84077733,-7.94675579 -75.76727003,-6.41742955 -75.73265224,-6.37655856 -75.7817059,-6.20929215 -75.80076314,-6.2118759 -74.86265365,-8.30970665 -75.1529121,-8.43417703
-75.26311849,-7.11714195 -75.29365419,-7.19632941 -75.15827561,-6.91147176 -75.11699506,-6.39343846 -75.76727003,-6.41742955 -75.73265224,-6.37655856 -74.84077733,-7.94675579 -75.7817059,-6.20929215 -75.80076314,-6.2118759 -75.87401503,-6.02512152 -74.86265365,-8.30970665
-75.15827561,-6.91147176 -75.26311849,-7.11714195 -75.29365419,-7.19632941 -75.11699506,-6.39343846 -75.76727003,-6.41742955 -75.73265224,-6.37655856 -75.7817059,-6.20929215 -75.80076314,-6.2118759 -74.84077733,-7.94675579 -75.87401503,-6.02512152 -74.53817907,-5.75009232
-75.76727003,-6.41742955 -75.73265224,-6.37655856 -75.80076314,-6.2118759 -75.7817059,-6.20929215 -75.87401503,-6.02512152 -75.11699506,-6.39343846 -75.15827561,-6.91147176 -75.26311849,-7.11714195 -75.85873365,-5.51306803 -75.29365419,-7.19632941 -75.6796459,-5.22700115
-75.11699506,-6.39343846 -75.15827561,-6.91147176 -75.73265224,-6.37655856 -75.76727003,-6.41742955 -75.7817059,-6.20929215 -75.80076314,-6.2118759 -75.26311849,-7.11714195 -75.29365419,-7.19632941 -75.87401503,-6.02512152 -74.53817907,-5.75009232 -74.28334094,-5.7944038
-75.73265224,-6.37655856 -75.76727003,-6.41742955 -75.7817059,-6.20929215 -75.80076314,-6.2118759 -75.87401503,-6.02512152 -75.11699506,-6.39343846 -75.15827561,-6.91147176 -75.85873365,-5.51306803 -75.26311849,-7.11714195 -75.29365419,-7.19632941 -75.6796459,-5.22700115
-75.80076314,-6.2118759 -75.7817059,-6.20929215 -75.73265224,-6.37655856 -75.87401503,-6.02512152 -75.76727003,-6.41742955 -75.85873365,-5.51306803 -75.11699506,-6.39343846 -75.15827561,-6.91147176 -75.6796459,-5.22700115 -75.26311849,-7.11714195 -75.29365419,-7.19632941
-75.7817059,-6.20929215 -75.80076314,-6.2118759 -75.73265224,-6.37655856 -75.87401503,-6.02512152 -75.76727003,-6.41742955 -75.11699506,-6.39343846 -75.85873365,-5.51306803 -75.15827561,-6.91147176 -75.6796459,-5.22700115 -75.26311849,-7.11714195 -75.29365419,-7.19632941
-74.09420424,-6.02576162 -74.28334094,-5.7944038 -74.13805655,-5.69391966 -73.69274975,-6.00798567 -74.53817907,-5.75009232 -74.15783618,-5.40483938 -74.34574608,-5.25573062 -75.11699506,-6.39343846 -73.66968306,-4.90368863 -75.15827561,-6.91147176 -73.53332019,-4.72514763
-75.87401503,-6.02512152 -75.80076314,-6.2118759 -75.7817059,-6.20929215 -75.73265224,-6.37655856 -75.76727003,-6.41742955 -75.85873365,-5.51306803 -75.6796459,-5.22700115 -75.11699506,-6.39343846 -75.15827561,-6.91147176 -75.26311849,-7.11714195 -75.29365419,-7.19632941
-73.69274975,-6.00798567 -74.09420424,-6.02576162 -74.13805655,-5.69391966 -74.28334094,-5.7944038 -74.15783618,-5.40483938 -74.53817907,-5.75009232 -74.34574608,-5.25573062 -73.66968306,-4.90368863 -72.87557121,-5.15037201 -73.53332019,-4.72514763 -75.11699506,-6.39343846
-74.28334094,-5.7944038 -74.13805655,-5.69391966 -74.53817907,-5.75009232 -74.09420424,-6.02576162 -74.15783618,-5.40483938 -74.34574608,-5.25573062 -73.69274975,-6.00798567 -75.11699506,-6.39343846 -73.66968306,-4.90368863 -74.46020377,-4.62971002 -74.76700551,-4.58784689
-74.53817907,-5.75009232 -74.28334094,-5.7944038 -74.13805655,-5.69391966 -74.15783618,-5.40483938 -74.09420424,-6.02576162 -74.34574608,-5.25573062 -75.11699506,-6.39343846 -73.69274975,-6.00798567 -74.46020377,-4.62971002 -74.76700551,-4.58784689 -73.66968306,-4.90368863
-74.13805655,-5.69391966 -74.28334094,-5.7944038 -74.15783618,-5.40483938 -74.09420424,-6.02576162 -74.53817907,-5.75009232 -74.34574608,-5.25573062 -73.69274975,-6.00798567 -73.66968306,-4.90368863 -74.46020377,-4.62971002 -73.53332019,-4.72514763 -75.11699506,-6.39343846
-75.85873365,-5.51306803 -75.6796459,-5.22700115 -75.87401503,-6.02512152 -75.7817059,-6.20929215 -75.80076314,-6.2118759 -75.73265224,-6.37655856 -75.76727003,-6.41742955 -75.11699506,-6.39343846 -74.53817907,-5.75009232 -74.76700551,-4.58784689 -74.34574608,-5.25573062
-74.15783618,-5.40483938 -74.34574608,-5.25573062 -74.13805655,-5.69391966 -74.28334094,-5.7944038 -74.53817907,-5.75009232 -74.09420424,-6.02576162 -73.66968306,-4.90368863 -73.69274975,-6.00798567 -74.46020377,-4.62971002 -73.53332019,-4.72514763 -74.76700551,-4.58784689
-74.34574608,-5.25573062 -74.15783618,-5.40483938 -74.13805655,-5.69391966 -74.53817907,-5.75009232 -74.28334094,-5.7944038 -74.46020377,-4.62971002 -73.66968306,-4.90368863 -74.76700551,-4.58784689 -74.09420424,-6.02576162 -73.53332019,-4.72514763 -73.69274975,-6.00798567
-75.6796459,-5.22700115 -75.85873365,-5.51306803 -75.87401503,-6.02512152 -75.7817059,-6.20929215 -75.80076314,-6.2118759 -74.76700551,-4.58784689 -75.73265224,-6.37655856 -75.76727003,-6.41742955 -74.53817907,-5.75009232 -75.11699506,-6.39343846 -74.34574608,-5.25573062
-72.87557121,-5.15037201 -73.53332019,-4.72514763 -73.66968306,-4.90368863 -73.16058508,-4.00297018 -73.69274975,-6.00798567 -74.15783618,-5.40483938 -74.13805655,-5.69391966 -73.28938976,-3.77506576 -73.24828694,-3.76173604 -73.24434649,-3.7284926 -74.34574608,-5.25573062
-73.66968306,-4.90368863 -73.53332019,-4.72514763 -74.15783618,-5.40483938 -74.34574608,-5.25573062 -72.87557121,-5.15037201 -74.46020377,-4.62971002 -74.13805655,-5.69391966 -73.69651569,-3.88816299 -73.16058508,-4.00297018 -74.28334094,-5.7944038 -73.69274975,-6.00798567
-73.53332019,-4.72514763 -73.66968306,-4.90368863 -72.87557121,-5.15037201 -73.16058508,-4.00297018 -73.69651569,-3.88816299 -74.15783618,-5.40483938 -74.46020377,-4.62971002 -74.34574608,-5.25573062 -73.28938976,-3.77506576 -73.24828694,-3.76173604 -73.24434649,-3.7284926
-74.46020377,-4.62971002 -74.76700551,-4.58784689 -74.34574608,-5.25573062 -74.15783618,-5.40483938 -73.66968306,-4.90368863 -73.53332019,-4.72514763 -75.0605938,-3.80637816 -73.69651569,-3.88816299 -74.13805655,-5.69391966 -74.53817907,-5.75009232 -74.28334094,-5.7944038
-74.76700551,-4.58784689 -74.46020377,-4.62971002 -74.34574608,-5.25573062 -75.0605938,-3.80637816 -74.15783618,-5.40483938 -74.78130333,-3.48969629 -75.6796459,-5.22700115 -73.66968306,-4.90368863 -74.53817907,-5.75009232 -73.53332019,-4.72514763 -74.13805655,-5.69391966
-70.04129927,-4.35201153 -71.10341423,-4.02039938 -71.86176424,-3.32059051 -71.17538469,-2.40880511 -72.76386926,-3.42246259 -72.87557121,-5.15037201 -73.04109843,-3.50047685 -73.16058508,-4.00297018 -73.09151272,-3.49807756 -73.24828694,-3.76173604 -73.24434649,-3.7284926
-71.10341423,-4.02039938 -71.86176424,-3.32059051 -70.04129927,-4.35201153 -71.17538469,-2.40880511 -72.76386926,-3.42246259 -73.04109843,-3.50047685 -73.09151272,-3.49807756 -73.16058508,-4.00297018 -72.87557121,-5.15037201 -73.24828694,-3.76173604 -73.24434649,-3.7284926
-73.16058508,-4.00297018 -73.24828694,-3.76173604 -73.28938976,-3.77506576 -73.24434649,-3.7284926 -73.09151272,-3.49807756 -73.04109843,-3.50047685 -73.69651569,-3.88816299 -72.76386926,-3.42246259 -73.53332019,-4.72514763 -73.66968306,-4.90368863 -72.87557121,-5.15037201
-73.69651569,-3.88816299 -73.28938976,-3.77506576 -73.24828694,-3.76173604 -73.24434649,-3.7284926 -73.16058508,-4.00297018 -73.09151272,-3.49807756 -73.04109843,-3.50047685 -73.53332019,-4.72514763 -73.66968306,-4.90368863 -72.76386926,-3.42246259 -74.46020377,-4.62971002
-75.0605938,-3.80637816 -74.78130333,-3.48969629 -74.76700551,-4.58784689 -74.46020377,-4.62971002 -73.69651569,-3.88816299 -75.6796459,-5.22700115 -74.34574608,-5.25573062 -73.28938976,-3.77506576 -73.66968306,-4.90368863 -73.53332019,-4.72514763 -73.24828694,-3.76173604
-73.28938976,-3.77506576 -73.24828694,-3.76173604 -73.24434649,-3.7284926 -73.16058508,-4.00297018 -73.09151272,-3.49807756 -73.04109843,-3.50047685 -73.69651569,-3.88816299 -72.76386926,-3.42246259 -73.53332019,-4.72514763 -73.66968306,-4.90368863 -73.67555293,-2.48937315
-73.24828694,-3.76173604 -73.24434649,-3.7284926 -73.28938976,-3.77506576 -73.16058508,-4.00297018 -73.09151272,-3.49807756 -73.04109843,-3.50047685 -73.69651569,-3.88816299 -72.76386926,-3.42246259 -73.53332019,-4.72514763 -73.66968306,-4.90368863 -73.67555293,-2.48937315
-73.24434649,-3.7284926 -73.24828694,-3.76173604 -73.28938976,-3.77506576 -73.09151272,-3.49807756 -73.16058508,-4.00297018 -73.04109843,-3.50047685 -73.69651569,-3.88816299 -72.76386926,-3.42246259 -73.53332019,-4.72514763 -73.66968306,-4.90368863 -73.67555293,-2.48937315
-73.04109843,-3.50047685 -73.09151272,-3.49807756 -72.76386926,-3.42246259 -73.24434649,-3.7284926 -73.24828694,-3.76173604 -73.28938976,-3.77506576 -73.16058508,-4.00297018 -73.69651569,-3.88816299 -71.86176424,-3.32059051 -73.67555293,-2.48937315 -73.53332019,-4.72514763
-73.09151272,-3.49807756 -73.04109843,-3.50047685 -73.24434649,-3.7284926 -73.24828694,-3.76173604 -72.76386926,-3.42246259 -73.28938976,-3.77506576 -73.16058508,-4.00297018 -73.69651569,-3.88816299 -73.67555293,-2.48937315 -71.86176424,-3.32059051 -73.53332019,-4.72514763
-74.78130333,-3.48969629 -75.0605938,-3.80637816 -74.76700551,-4.58784689 -73.69651569,-3.88816299 -74.46020377,-4.62971002 -73.67555293,-2.48937315 -73.28938976,-3.77506576 -73.24434649,-3.7284926 -73.24828694,-3.76173604 -73.09151272,-3.49807756 -73.16058508,-4.00297018
-72.76386926,-3.42246259 -73.04109843,-3.50047685 -73.09151272,-3.49807756 -73.24434649,-3.7284926 -73.24828694,-3.76173604 -73.28938976,-3.77506576 -73.16058508,-4.00297018 -71.86176424,-3.32059051 -73.69651569,-3.88816299 -73.67555293,-2.48937315 -73.53332019,-4.72514763
-71.86176424,-3.32059051 -72.76386926,-3.42246259 -71.10341423,-4.02039938 -71.17538469,-2.40880511 -73.04109843,-3.50047685 -73.09151272,-3.49807756 -73.24434649,-3.7284926 -73.24828694,-3.76173604 -73.16058508,-4.00297018 -73.28938976,-3.77506576 -73.69651569,-3.88816299
-73.67555293,-2.48937315 -73.41287088,-1.78914335 -73.09151272,-3.49807756 -73.04109843,-3.50047685 -72.76386926,-3.42246259 -73.24434649,-3.7284926 -73.24828694,-3.76173604 -73.28938976,-3.77506576 -73.69651569,-3.88816299 -74.78130333,-3.48969629 -73.16058508,-4.00297018
-71.17538469,-2.40880511 -71.86176424,-3.32059051 -71.10341423,-4.02039938 -72.76386926,-3.42246259 -73.04109843,-3.50047685 -73.09151272,-3.49807756 -70.04129927,-4.35201153 -73.41287088,-1.78914335 -73.24434649,-3.7284926 -73.24828694,-3.76173604 -73.67555293,-2.48937315
-73.41287088,-1.78914335 -73.67555293,-2.48937315 -73.09151272,-3.49807756 -73.04109843,-3.50047685 -72.76386926,-3.42246259 -74.67557693,-0.37295586 -75.17152099,-0.97073706 -73.24434649,-3.7284926 -73.24828694,-3.76173604 -73.28938976,-3.77506576 -73.69651569,-3.88816299
-75.17152099,-0.97073706 -74.67557693,-0.37295586 -73.41287088,-1.78914335 -73.67555293,-2.48937315 -74.78130333,-3.48969629 -75.0605938,-3.80637816 -73.69651569,-3.88816299 -73.09151272,-3.49807756 -73.04109843,-3.50047685 -73.24434649,-3.7284926 -73.28938976,-3.77506576
-74.67557693,-0.37295586 -75.17152099,-0.97073706 -73.41287088,-1.78914335 -73.67555293,-2.48937315 -74.78130333,-3.48969629 -75.0605938,-3.80637816 -73.09151272,-3.49807756 -73.04109843,-3.50047685 -72.76386926,-3.42246259 -73.24434649,-3.7284926 -73.69651569,-3.88816299
