-76.20320928,-13.70989392 -76.38742903,-13.07775016 -76.38606378,-11.84476441 -76.62473724,-11.46702028 -77.207186976,-11.495407273 -77.61040152,-11.10855265 -76.77306206,-10.66810336 -76.51662556,-10.49133323 -76.99300134,-10.4726833 -77.76079584,-10.75402494 -77.39679143,-10.40346472
-76.38742903,-13.07775016 -76.20320928,-13.70989392 -76.38606378,-11.84476441 -76.62473724,-11.46702028 -77.207186976,-11.495407273 -77.61040152,-11.10855265 -76.77306206,-10.66810336 -76.51662556,-10.49133323 -76.99300134,-10.4726833 -77.76079584,-10.75402494 -77.39679143,-10.40346472
-76.38606378,-11.84476441 -76.62473724,-11.46702028 -77.207186976,-11.495407273 -76.38742903,-13.07775016 -76.77306206,-10.66810336 -76.51662556,-10.49133323 -77.61040152,-11.10855265 -76.99300134,-10.4726833 -77.76079584,-10.75402494 -77.39679143,-10.40346472 -76.20320928,-13.70989392
-77.207186976,-11.495407273 -77.61040152,-11.10855265 -76.62473724,-11.46702028 -76.38606378,-11.84476441 -77.76079584,-10.75402494 -76.77306206,-10.66810336 -76.99300134,-10.4726833 -77.39679143,-10.40346472 -76.51662556,-10.49133323 -76.38742903,-13.07775016 -76.20320928,-13.70989392
-76.62473724,-11.46702028 -76.38606378,-11.84476441 -77.207186976,-11.495407273 -76.77306206,-10.66810336 -76.51662556,-10.49133323 -77.61040152,-11.10855265 -76.99300134,-10.4726833 -77.39679143,-10.40346472 -77.76079584,-10.75402494 -76.38742903,-13.07775016 -76.20320928,-13.70989392
-77.61040152,-11.10855265 -77.76079584,-10.75402494 -77.207186976,-11.495407273 -77.39679143,-10.40346472 -76.99300134,-10.4726833 -76.77306206,-10.66810336 -76.62473724,-11.46702028 -76.51662556,-10.49133323 -76.38606378,-11.84476441 -76.38742903,-13.07775016 -76.20320928,-13.70989392
-77.76079584,-10.75402494 -77.61040152,-11.10855265 -77.39679143,-10.40346472 -76.99300134,-10.4726833 -77.207186976,-11.495407273 -76.77306206,-10.66810336 -76.51662556,-10.49133323 -76.62473724,-11.46702028 -76.38606378,-11.84476441 -76.38742903,-13.07775016 -76.20320928,-13.70989392
-76.77306206,-10.66810336 -76.99300134,-10.4726833 -76.51662556,-10.49133323 -77.39679143,-10.40346472 -76.62473724,-11.46702028 -77.207186976,-11.495407273 -77.61040152,-11.10855265 -77.76079584,-10.75402494 -76.38606378,-11.84476441 -76.38742903,-13.07775016 -76.20320928,-13.70989392
-76.51662556,-10.49133323 -76.77306206,-10.66810336 -76.99300134,-10.4726833 -77.39679143,-10.40346472 -76.62473724,-11.46702028 -77.207186976,-11.495407273 -77.61040152,-11.10855265 -77.76079584,-10.75402494 -76.38606378,-11.84476441 -76.38742903,-13.07775016 -76.20320928,-13.70989392
-76.99300134,-10.4726833 -76.77306206,-10.66810336 -77.39679143,-10.40346472 -76.51662556,-10.49133323 -77.76079584,-10.75402494 -77.61040152,-11.10855265 -77.207186976,-11.495407273 -76.62473724,-11.46702028 -76.38606378,-11.84476441 -76.38742903,-13.07775016 -76.20320928,-13.70989392
-77.39679143,-10.40346472 -76.99300134,-10.4726833 -77.76079584,-10.75402494 -76.77306206,-10.66810336 -77.61040152,-11.10855265 -76.51662556,-10.49133323 -77.207186976,-11.495407273 -76.62473724,-11.46702028 -76.38606378,-11.84476441 -76.38742903,-13.07775016 -76.20320928,-13.70989392
