-76.24963615,-13.83491616 -76.22303252,-13.73150792 -76.14899665,-13.71343616 -76.15746265,-13.68079829 -76.02395978,-13.69385979 -76.18260239,-13.45844467 -76.16169055,-13.4590213 -76.0574933,-13.49985813 -76.16428104,-13.42733965 -76.0829474,-13.44253666 -76.15632479,-13.39848377
-76.22303252,-13.73150792 -76.14899665,-13.71343616 -76.15746265,-13.68079829 -76.24963615,-13.83491616 -76.02395978,-13.69385979 -76.18260239,-13.45844467 -76.16169055,-13.4590213 -76.0574933,-13.49985813 -76.16428104,-13.42733965 -76.0829474,-13.44253666 -76.15632479,-13.39848377
-76.14899665,-13.71343616 -76.15746265,-13.68079829 -76.22303252,-13.73150792 -76.02395978,-13.69385979 -76.24963615,-13.83491616 -76.0574933,-13.49985813 -76.16169055,-13.4590213 -76.18260239,-13.45844467 -76.0829474,-13.44253666 -76.16428104,-13.42733965 -76.12720757,-13.40470806
-76.02395978,-13.69385979 -76.14899665,-13.71343616 -76.15746265,-13.68079829 -76.0574933,-13.49985813 -76.22303252,-13.73150792 -76.0829474,-13.44253666 -76.24963615,-13.83491616 -76.16169055,-13.4590213 -76.18260239,-13.45844467 -76.16428104,-13.42733965 -76.12720757,-13.40470806
-76.15746265,-13.68079829 -76.14899665,-13.71343616 -76.22303252,-13.73150792 -76.02395978,-13.69385979 -76.24963615,-13.83491616 -76.0574933,-13.49985813 -76.16169055,-13.4590213 -76.18260239,-13.45844467 -76.0829474,-13.44253666 -76.16428104,-13.42733965 -76.12720757,-13.40470806
-76.0574933,-13.49985813 -76.0829474,-13.44253666 -76.16169055,-13.4590213 -76.12720757,-13.40470806 -76.16428104,-13.42733965 -76.18260239,-13.45844467 -76.15632479,-13.39848377 -76.02395978,-13.69385979 -76.15746265,-13.68079829 -76.14899665,-13.71343616 -76.22303252,-13.73150792
-76.16169055,-13.4590213 -76.18260239,-13.45844467 -76.16428104,-13.42733965 -76.15632479,-13.39848377 -76.12720757,-13.40470806 -76.0829474,-13.44253666 -76.0574933,-13.49985813 -76.15746265,-13.68079829 -76.14899665,-13.71343616 -76.02395978,-13.69385979 -76.22303252,-13.73150792
-76.18260239,-13.45844467 -76.16169055,-13.4590213 -76.16428104,-13.42733965 -76.15632479,-13.39848377 -76.12720757,-13.40470806 -76.0829474,-13.44253666 -76.0574933,-13.49985813 -76.15746265,-13.68079829 -76.14899665,-13.71343616 -76.22303252,-13.73150792 -76.02395978,-13.69385979
-76.0829474,-13.44253666 -76.12720757,-13.40470806 -76.0574933,-13.49985813 -76.16169055,-13.4590213 -76.16428104,-13.42733965 -76.15632479,-13.39848377 -76.18260239,-13.45844467 -76.15746265,-13.68079829 -76.02395978,-13.69385979 -76.14899665,-13.71343616 -76.22303252,-13.73150792
-76.16428104,-13.42733965 -76.15632479,-13.39848377 -76.16169055,-13.4590213 -76.18260239,-13.45844467 -76.12720757,-13.40470806 -76.0829474,-13.44253666 -76.0574933,-13.49985813 -76.15746265,-13.68079829 -76.14899665,-13.71343616 -76.02395978,-13.69385979 -76.22303252,-13.73150792
-76.12720757,-13.40470806 -76.15632479,-13.39848377 -76.16428104,-13.42733965 -76.0829474,-13.44253666 -76.16169055,-13.4590213 -76.18260239,-13.45844467 -76.0574933,-13.49985813 -76.15746265,-13.68079829 -76.02395978,-13.69385979 -76.14899665,-13.71343616 -76.22303252,-13.73150792
-76.15632479,-13.39848377 -76.12720757,-13.40470806 -76.16428104,-13.42733965 -76.16169055,-13.4590213 -76.18260239,-13.45844467 -76.0829474,-13.44253666 -76.0574933,-13.49985813 -76.15746265,-13.68079829 -76.14899665,-13.71343616 -76.02395978,-13.69385979 -76.22303252,-13.73150792
-75.91299797,-13.07704222 -76.02263228,-12.86004029 -76.05436852,-12.86610617 -76.14001502,-12.96291216 -75.89179441,-12.799742 -76.12720757,-13.40470806 -76.0829474,-13.44253666 -76.15632479,-13.39848377 -76.31783864,-13.07616727 -75.94945391,-12.66827121 -76.16428104,-13.42733965
-76.31783864,-13.07616727 -76.3528769,-13.06102615 -76.4305879,-13.05120428 -76.38335015,-12.94958928 -76.47924953,-13.02481778 -76.14001502,-12.96291216 -76.05436852,-12.86610617 -76.15632479,-13.39848377 -76.02263228,-12.86004029 -76.45982465,-12.72749278 -76.12720757,-13.40470806
-76.3528769,-13.06102615 -76.31783864,-13.07616727 -76.4305879,-13.05120428 -76.38335015,-12.94958928 -76.47924953,-13.02481778 -76.14001502,-12.96291216 -76.55663117,-12.77944867 -76.45982465,-12.72749278 -76.05436852,-12.86610617 -76.02263228,-12.86004029 -76.15632479,-13.39848377
-76.4305879,-13.05120428 -76.47924953,-13.02481778 -76.3528769,-13.06102615 -76.38335015,-12.94958928 -76.31783864,-13.07616727 -76.55663117,-12.77944867 -76.14001502,-12.96291216 -76.45982465,-12.72749278 -76.05436852,-12.86610617 -76.6323629,-12.65776215 -76.15632479,-13.39848377
-76.47924953,-13.02481778 -76.4305879,-13.05120428 -76.38335015,-12.94958928 -76.3528769,-13.06102615 -76.31783864,-13.07616727 -76.55663117,-12.77944867 -76.45982465,-12.72749278 -76.14001502,-12.96291216 -76.6323629,-12.65776215 -76.65147157,-12.64379665 -76.64155401,-12.61957666
-76.14001502,-12.96291216 -76.05436852,-12.86610617 -76.02263228,-12.86004029 -76.31783864,-13.07616727 -76.3528769,-13.06102615 -76.38335015,-12.94958928 -75.91299797,-13.07704222 -75.89179441,-12.799742 -76.4305879,-13.05120428 -76.47924953,-13.02481778 -76.16206834,-12.61718878
-76.38335015,-12.94958928 -76.4305879,-13.05120428 -76.3528769,-13.06102615 -76.47924953,-13.02481778 -76.31783864,-13.07616727 -76.45982465,-12.72749278 -76.55663117,-12.77944867 -76.14001502,-12.96291216 -76.05436852,-12.86610617 -76.02263228,-12.86004029 -76.6323629,-12.65776215
-76.05436852,-12.86610617 -76.02263228,-12.86004029 -76.14001502,-12.96291216 -75.89179441,-12.799742 -75.94945391,-12.66827121 -75.91299797,-13.07704222 -76.16206834,-12.61718878 -76.03706819,-12.59123137 -75.89021008,-12.63362621 -76.31783864,-13.07616727 -76.38335015,-12.94958928
-76.02263228,-12.86004029 -76.05436852,-12.86610617 -75.89179441,-12.799742 -76.14001502,-12.96291216 -75.94945391,-12.66827121 -75.91299797,-13.07704222 -75.89021008,-12.63362621 -76.03706819,-12.59123137 -76.16206834,-12.61718878 -76.31783864,-13.07616727 -76.38335015,-12.94958928
-75.89179441,-12.799742 -75.94945391,-12.66827121 -76.02263228,-12.86004029 -75.89021008,-12.63362621 -76.05436852,-12.86610617 -76.03706819,-12.59123137 -75.91299797,-13.07704222 -76.14001502,-12.96291216 -76.16206834,-12.61718878 -76.22657527,-12.45449329 -76.13742195,-12.38234513
-76.55663117,-12.77944867 -76.45982465,-12.72749278 -76.6323629,-12.65776215 -76.65147157,-12.64379665 -76.64155401,-12.61957666 -76.38335015,-12.94958928 -76.54364452,-12.52631003 -76.47924953,-13.02481778 -76.4305879,-13.05120428 -76.73821115,-12.51859516 -76.3528769,-13.06102615
-76.45982465,-12.72749278 -76.55663117,-12.77944867 -76.6323629,-12.65776215 -76.65147157,-12.64379665 -76.64155401,-12.61957666 -76.54364452,-12.52631003 -76.38335015,-12.94958928 -76.28919495,-12.5146797 -76.47924953,-13.02481778 -76.16206834,-12.61718878 -76.4305879,-13.05120428
-75.94945391,-12.66827121 -75.89021008,-12.63362621 -76.03706819,-12.59123137 -75.89179441,-12.799742 -76.02263228,-12.86004029 -76.16206834,-12.61718878 -76.05436852,-12.86610617 -76.13742195,-12.38234513 -76.22657527,-12.45449329 -76.14001502,-12.96291216 -76.28919495,-12.5146797
-76.6323629,-12.65776215 -76.65147157,-12.64379665 -76.64155401,-12.61957666 -76.55663117,-12.77944867 -76.54364452,-12.52631003 -76.73821115,-12.51859516 -76.45982465,-12.72749278 -76.79777112,-12.48160925 -76.77346693,-12.40178008 -76.78058989,-12.38982076 -76.79529937,-12.36551725
-76.65147157,-12.64379665 -76.6323629,-12.65776215 -76.64155401,-12.61957666 -76.73821115,-12.51859516 -76.54364452,-12.52631003 -76.55663117,-12.77944867 -76.45982465,-12.72749278 -76.79777112,-12.48160925 -76.77346693,-12.40178008 -76.78058989,-12.38982076 -76.79529937,-12.36551725
-75.89021008,-12.63362621 -75.94945391,-12.66827121 -76.03706819,-12.59123137 -75.89179441,-12.799742 -76.02263228,-12.86004029 -76.16206834,-12.61718878 -76.05436852,-12.86610617 -76.13742195,-12.38234513 -76.22657527,-12.45449329 -76.16730363,-12.36026132 -76.14323365,-12.30746424
-76.64155401,-12.61957666 -76.65147157,-12.64379665 -76.6323629,-12.65776215 -76.54364452,-12.52631003 -76.73821115,-12.51859516 -76.55663117,-12.77944867 -76.79777112,-12.48160925 -76.45982465,-12.72749278 -76.77346693,-12.40178008 -76.78058989,-12.38982076 -76.79529937,-12.36551725
-76.16206834,-12.61718878 -76.03706819,-12.59123137 -76.28919495,-12.5146797 -76.22657527,-12.45449329 -75.94945391,-12.66827121 -76.13742195,-12.38234513 -76.16730363,-12.36026132 -76.2265878,-12.36245175 -76.05436852,-12.86610617 -75.89021008,-12.63362621 -76.02263228,-12.86004029
-76.03706819,-12.59123137 -75.94945391,-12.66827121 -76.16206834,-12.61718878 -75.89021008,-12.63362621 -76.13742195,-12.38234513 -76.22657527,-12.45449329 -75.89179441,-12.799742 -76.28919495,-12.5146797 -76.16730363,-12.36026132 -76.02263228,-12.86004029 -76.05436852,-12.86610617
-76.54364452,-12.52631003 -76.64155401,-12.61957666 -76.6323629,-12.65776215 -76.65147157,-12.64379665 -76.73821115,-12.51859516 -76.45982465,-12.72749278 -76.55663117,-12.77944867 -76.28919495,-12.5146797 -76.79777112,-12.48160925 -76.77346693,-12.40178008 -76.78058989,-12.38982076
-76.73821115,-12.51859516 -76.79777112,-12.48160925 -76.77346693,-12.40178008 -76.78058989,-12.38982076 -76.64155401,-12.61957666 -76.65147157,-12.64379665 -76.79529937,-12.36551725 -76.6323629,-12.65776215 -76.54364452,-12.52631003 -76.82649975,-12.33802188 -76.86903396,-12.27341453
-76.28919495,-12.5146797 -76.22657527,-12.45449329 -76.16206834,-12.61718878 -76.2265878,-12.36245175 -76.16730363,-12.36026132 -76.13742195,-12.38234513 -76.14323365,-12.30746424 -76.54364452,-12.52631003 -76.15742548,-12.29448421 -76.03706819,-12.59123137 -76.13887115,-12.29435864
-76.79777112,-12.48160925 -76.73821115,-12.51859516 -76.77346693,-12.40178008 -76.78058989,-12.38982076 -76.79529937,-12.36551725 -76.82649975,-12.33802188 -76.64155401,-12.61957666 -76.65147157,-12.64379665 -76.86903396,-12.27341453 -76.6323629,-12.65776215 -76.54364452,-12.52631003
-76.22657527,-12.45449329 -76.28919495,-12.5146797 -76.2265878,-12.36245175 -76.16730363,-12.36026132 -76.13742195,-12.38234513 -76.14323365,-12.30746424 -76.15742548,-12.29448421 -76.16206834,-12.61718878 -76.13887115,-12.29435864 -76.14690399,-12.28406022 -76.03706819,-12.59123137
-76.77346693,-12.40178008 -76.78058989,-12.38982076 -76.79529937,-12.36551725 -76.82649975,-12.33802188 -76.79777112,-12.48160925 -76.73821115,-12.51859516 -76.86903396,-12.27341453 -76.85928511,-12.22987377 -76.93709477,-12.21321448 -76.64155401,-12.61957666 -76.54364452,-12.52631003
-76.78058989,-12.38982076 -76.77346693,-12.40178008 -76.79529937,-12.36551725 -76.82649975,-12.33802188 -76.79777112,-12.48160925 -76.73821115,-12.51859516 -76.86903396,-12.27341453 -76.85928511,-12.22987377 -76.93709477,-12.21321448 -76.64155401,-12.61957666 -76.54364452,-12.52631003
-76.13742195,-12.38234513 -76.16730363,-12.36026132 -76.14323365,-12.30746424 -76.13887115,-12.29435864 -76.15742548,-12.29448421 -76.2265878,-12.36245175 -76.14690399,-12.28406022 -76.22657527,-12.45449329 -76.28919495,-12.5146797 -76.03706819,-12.59123137 -76.16206834,-12.61718878
-76.79529937,-12.36551725 -76.78058989,-12.38982076 -76.82649975,-12.33802188 -76.77346693,-12.40178008 -76.79777112,-12.48160925 -76.86903396,-12.27341453 -76.85928511,-12.22987377 -76.73821115,-12.51859516 -76.93709477,-12.21321448 -76.94428675,-12.16264494 -76.81681365,-12.11210704
-76.2265878,-12.36245175 -76.16730363,-12.36026132 -76.13742195,-12.38234513 -76.22657527,-12.45449329 -76.15742548,-12.29448421 -76.14323365,-12.30746424 -76.13887115,-12.29435864 -76.14690399,-12.28406022 -76.32583938,-12.23727516 -76.28919495,-12.5146797 -76.2290429,-12.16096416
-76.16730363,-12.36026132 -76.13742195,-12.38234513 -76.14323365,-12.30746424 -76.2265878,-12.36245175 -76.15742548,-12.29448421 -76.13887115,-12.29435864 -76.14690399,-12.28406022 -76.22657527,-12.45449329 -76.28919495,-12.5146797 -76.32583938,-12.23727516 -76.2290429,-12.16096416
-76.82649975,-12.33802188 -76.79529937,-12.36551725 -76.78058989,-12.38982076 -76.86903396,-12.27341453 -76.77346693,-12.40178008 -76.85928511,-12.22987377 -76.79777112,-12.48160925 -76.93709477,-12.21321448 -76.73821115,-12.51859516 -76.94428675,-12.16264494 -76.96341458,-12.16276005
-76.14323365,-12.30746424 -76.13887115,-12.29435864 -76.15742548,-12.29448421 -76.14690399,-12.28406022 -76.16730363,-12.36026132 -76.13742195,-12.38234513 -76.2265878,-12.36245175 -76.22657527,-12.45449329 -76.2290429,-12.16096416 -76.21257678,-12.14514203 -76.21645203,-12.13038741
-76.15742548,-12.29448421 -76.14690399,-12.28406022 -76.13887115,-12.29435864 -76.14323365,-12.30746424 -76.16730363,-12.36026132 -76.13742195,-12.38234513 -76.2265878,-12.36245175 -76.2290429,-12.16096416 -76.21257678,-12.14514203 -76.22657527,-12.45449329 -76.23249878,-12.13710667
-76.13887115,-12.29435864 -76.14690399,-12.28406022 -76.14323365,-12.30746424 -76.15742548,-12.29448421 -76.16730363,-12.36026132 -76.13742195,-12.38234513 -76.2265878,-12.36245175 -76.2290429,-12.16096416 -76.21257678,-12.14514203 -76.21645203,-12.13038741 -76.22657527,-12.45449329
-76.14690399,-12.28406022 -76.13887115,-12.29435864 -76.15742548,-12.29448421 -76.14323365,-12.30746424 -76.16730363,-12.36026132 -76.13742195,-12.38234513 -76.2265878,-12.36245175 -76.2290429,-12.16096416 -76.21257678,-12.14514203 -76.21645203,-12.13038741 -76.23249878,-12.13710667
-76.86903396,-12.27341453 -76.85928511,-12.22987377 -76.82649975,-12.33802188 -76.93709477,-12.21321448 -76.79529937,-12.36551725 -76.94428675,-12.16264494 -76.96341458,-12.16276005 -76.78058989,-12.38982076 -76.77346693,-12.40178008 -76.81681365,-12.11210704 -77.02135147,-12.17107851
-76.32583938,-12.23727516 -76.2290429,-12.16096416 -76.23249878,-12.13710667 -76.21257678,-12.14514203 -76.42129127,-12.12566041 -76.4353839,-12.13223278 -76.21645203,-12.13038741 -76.38891889,-12.09657741 -76.2265878,-12.36245175 -76.2301975,-12.09550201 -76.15742548,-12.29448421
-76.85928511,-12.22987377 -76.86903396,-12.27341453 -76.93709477,-12.21321448 -76.94428675,-12.16264494 -76.82649975,-12.33802188 -76.96341458,-12.16276005 -76.81681365,-12.11210704 -76.79529937,-12.36551725 -76.91733348,-12.0779467 -77.00475327,-12.14540628 -77.02135147,-12.17107851
-76.51436843,-12.21880052 -76.4353839,-12.13223278 -76.42129127,-12.12566041 -76.50986353,-12.08036053 -76.38891889,-12.09657741 -76.32583938,-12.23727516 -76.47465728,-12.00194142 -76.52535578,-11.98346216 -76.39179014,-12.01738278 -76.2290429,-12.16096416 -76.23249878,-12.13710667
-76.93709477,-12.21321448 -76.94428675,-12.16264494 -76.96341458,-12.16276005 -76.85928511,-12.22987377 -76.86903396,-12.27341453 -77.02135147,-12.17107851 -77.00475327,-12.14540628 -77.02127633,-12.14970662 -76.99906759,-12.10700683 -77.02062163,-12.11720211 -77.02913699,-12.12170145
-77.02135147,-12.17107851 -77.02127633,-12.14970662 -77.00475327,-12.14540628 -77.02913699,-12.12170145 -77.02062163,-12.11720211 -76.96341458,-12.16276005 -76.99906759,-12.10700683 -77.03458211,-12.09893348 -76.94428675,-12.16264494 -77.0310906,-12.08251303 -77.06711116,-12.09148817
-76.96341458,-12.16276005 -76.94428675,-12.16264494 -77.00475327,-12.14540628 -76.93709477,-12.21321448 -77.02135147,-12.17107851 -77.02127633,-12.14970662 -76.99906759,-12.10700683 -77.02062163,-12.11720211 -77.02913699,-12.12170145 -76.99423393,-12.07345621 -77.03458211,-12.09893348
-76.94428675,-12.16264494 -76.96341458,-12.16276005 -76.93709477,-12.21321448 -77.00475327,-12.14540628 -77.02135147,-12.17107851 -77.02127633,-12.14970662 -76.99906759,-12.10700683 -77.02062163,-12.11720211 -76.91733348,-12.0779467 -77.02913699,-12.12170145 -76.99423393,-12.07345621
-76.2290429,-12.16096416 -76.21257678,-12.14514203 -76.23249878,-12.13710667 -76.21645203,-12.13038741 -76.2301975,-12.09550201 -76.18262421,-12.11344541 -76.32583938,-12.23727516 -76.14690399,-12.28406022 -76.15742548,-12.29448421 -76.13887115,-12.29435864 -76.14323365,-12.30746424
-77.02127633,-12.14970662 -77.00475327,-12.14540628 -77.02135147,-12.17107851 -77.02913699,-12.12170145 -77.02062163,-12.11720211 -76.99906759,-12.10700683 -77.03458211,-12.09893348 -76.96341458,-12.16276005 -77.0310906,-12.08251303 -77.06711116,-12.09148817 -77.04390448,-12.07673355
-77.00475327,-12.14540628 -77.02127633,-12.14970662 -77.02135147,-12.17107851 -77.02062163,-12.11720211 -77.02913699,-12.12170145 -76.99906759,-12.10700683 -76.96341458,-12.16276005 -77.03458211,-12.09893348 -76.94428675,-12.16264494 -77.0310906,-12.08251303 -76.99423393,-12.07345621
-76.21257678,-12.14514203 -76.21645203,-12.13038741 -76.23249878,-12.13710667 -76.2290429,-12.16096416 -76.18262421,-12.11344541 -76.2301975,-12.09550201 -76.32583938,-12.23727516 -76.14690399,-12.28406022 -76.15742548,-12.29448421 -76.13887115,-12.29435864 -76.14323365,-12.30746424
-76.23249878,-12.13710667 -76.21645203,-12.13038741 -76.21257678,-12.14514203 -76.2290429,-12.16096416 -76.2301975,-12.09550201 -76.18262421,-12.11344541 -76.32583938,-12.23727516 -76.38891889,-12.09657741 -76.14690399,-12.28406022 -76.15742548,-12.29448421 -76.13887115,-12.29435864
-76.4353839,-12.13223278 -76.42129127,-12.12566041 -76.38891889,-12.09657741 -76.50986353,-12.08036053 -76.51436843,-12.21880052 -76.39179014,-12.01738278 -76.47465728,-12.00194142 -76.32583938,-12.23727516 -76.52535578,-11.98346216 -76.23249878,-12.13710667 -76.2290429,-12.16096416
-76.21645203,-12.13038741 -76.21257678,-12.14514203 -76.23249878,-12.13710667 -76.2290429,-12.16096416 -76.2301975,-12.09550201 -76.18262421,-12.11344541 -76.32583938,-12.23727516 -76.14690399,-12.28406022 -76.15742548,-12.29448421 -76.38891889,-12.09657741 -76.13887115,-12.29435864
-76.42129127,-12.12566041 -76.4353839,-12.13223278 -76.38891889,-12.09657741 -76.50986353,-12.08036053 -76.39179014,-12.01738278 -76.51436843,-12.21880052 -76.47465728,-12.00194142 -76.32583938,-12.23727516 -76.52535578,-11.98346216 -76.23249878,-12.13710667 -76.2301975,-12.09550201
-76.013547624,-12.122364268 -76.18262421,-12.11344541 -76.21257678,-12.14514203 -76.21645203,-12.13038741 -76.14690399,-12.28406022 -76.13887115,-12.29435864 -76.2301975,-12.09550201 -76.2290429,-12.16096416 -76.23249878,-12.13710667 -76.15742548,-12.29448421 -76.14323365,-12.30746424
-77.02913699,-12.12170145 -77.02062163,-12.11720211 -77.03458211,-12.09893348 -77.02127633,-12.14970662 -76.99906759,-12.10700683 -77.00475327,-12.14540628 -77.0310906,-12.08251303 -77.04390448,-12.07673355 -77.06711116,-12.09148817 -77.02135147,-12.17107851 -77.06224996,-12.07779385
-77.02062163,-12.11720211 -77.02913699,-12.12170145 -77.03458211,-12.09893348 -76.99906759,-12.10700683 -77.00475327,-12.14540628 -77.02127633,-12.14970662 -77.0310906,-12.08251303 -77.04390448,-12.07673355 -76.99423393,-12.07345621 -77.06711116,-12.09148817 -77.03083698,-12.06486369
-76.18262421,-12.11344541 -76.21645203,-12.13038741 -76.21257678,-12.14514203 -76.2301975,-12.09550201 -76.23249878,-12.13710667 -76.2290429,-12.16096416 -76.013547624,-12.122364268 -76.14690399,-12.28406022 -76.15742548,-12.29448421 -76.13887115,-12.29435864 -76.32583938,-12.23727516
-76.81681365,-12.11210704 -76.91733348,-12.0779467 -76.85928511,-12.22987377 -76.91872898,-12.02593296 -76.94428675,-12.16264494 -76.76981309,-11.9759522 -76.96341458,-12.16276005 -76.93709477,-12.21321448 -76.96469543,-12.04972166 -76.86903396,-12.27341453 -76.99423393,-12.07345621
-76.99906759,-12.10700683 -77.02062163,-12.11720211 -77.02913699,-12.12170145 -76.99423393,-12.07345621 -77.03458211,-12.09893348 -77.00475327,-12.14540628 -77.0310906,-12.08251303 -77.02127633,-12.14970662 -77.03083698,-12.06486369 -77.04390448,-12.07673355 -76.99873413,-12.04994333
-77.03458211,-12.09893348 -77.0310906,-12.08251303 -77.02062163,-12.11720211 -77.02913699,-12.12170145 -77.04390448,-12.07673355 -77.06711116,-12.09148817 -77.03083698,-12.06486369 -77.06224996,-12.07779385 -76.99906759,-12.10700683 -77.04595887,-12.05871285 -77.07915273,-12.09253258
-76.38891889,-12.09657741 -76.42129127,-12.12566041 -76.4353839,-12.13223278 -76.39179014,-12.01738278 -76.50986353,-12.08036053 -76.47465728,-12.00194142 -76.32583938,-12.23727516 -76.2301975,-12.09550201 -76.23249878,-12.13710667 -76.2290429,-12.16096416 -76.51436843,-12.21880052
-76.2301975,-12.09550201 -76.21645203,-12.13038741 -76.23249878,-12.13710667 -76.18262421,-12.11344541 -76.21257678,-12.14514203 -76.2290429,-12.16096416 -76.38891889,-12.09657741 -76.32583938,-12.23727516 -76.39179014,-12.01738278 -76.42129127,-12.12566041 -76.14690399,-12.28406022
-77.07915273,-12.09253258 -77.06711116,-12.09148817 -77.06224996,-12.07779385 -77.04390448,-12.07673355 -77.10804913,-12.06600149 -77.03458211,-12.09893348 -77.04595887,-12.05871285 -77.0310906,-12.08251303 -77.09061824,-12.03930237 -77.03083698,-12.06486369 -77.02913699,-12.12170145
-77.06711116,-12.09148817 -77.07915273,-12.09253258 -77.06224996,-12.07779385 -77.04390448,-12.07673355 -77.03458211,-12.09893348 -77.0310906,-12.08251303 -77.04595887,-12.05871285 -77.03083698,-12.06486369 -77.10804913,-12.06600149 -77.02913699,-12.12170145 -77.02062163,-12.11720211
-77.0310906,-12.08251303 -77.04390448,-12.07673355 -77.03458211,-12.09893348 -77.03083698,-12.06486369 -77.04595887,-12.05871285 -77.06224996,-12.07779385 -77.02062163,-12.11720211 -77.06711116,-12.09148817 -76.99423393,-12.07345621 -77.02913699,-12.12170145 -76.99906759,-12.10700683
-76.50986353,-12.08036053 -76.47465728,-12.00194142 -76.4353839,-12.13223278 -76.52535578,-11.98346216 -76.42129127,-12.12566041 -76.38891889,-12.09657741 -76.39179014,-12.01738278 -76.51436843,-12.21880052 -76.52924165,-11.91178629 -76.5395769,-11.91149504 -76.44027477,-11.88391203
-76.91733348,-12.0779467 -76.91872898,-12.02593296 -76.96469543,-12.04972166 -76.99423393,-12.07345621 -76.99873413,-12.04994333 -76.99906759,-12.10700683 -76.94428675,-12.16264494 -76.96341458,-12.16276005 -77.00996771,-12.02961959 -76.81681365,-12.11210704 -77.00475327,-12.14540628
-77.06224996,-12.07779385 -77.06711116,-12.09148817 -77.04390448,-12.07673355 -77.07915273,-12.09253258 -77.04595887,-12.05871285 -77.0310906,-12.08251303 -77.03083698,-12.06486369 -77.03458211,-12.09893348 -77.10804913,-12.06600149 -77.09061824,-12.03930237 -77.058310264,-12.029867268
-77.04390448,-12.07673355 -77.0310906,-12.08251303 -77.03083698,-12.06486369 -77.04595887,-12.05871285 -77.06224996,-12.07779385 -77.03458211,-12.09893348 -77.06711116,-12.09148817 -77.07915273,-12.09253258 -77.02634862,-12.04227843 -77.02062163,-12.11720211 -77.02913699,-12.12170145
-76.99423393,-12.07345621 -76.99873413,-12.04994333 -76.99906759,-12.10700683 -77.03083698,-12.06486369 -76.96469543,-12.04972166 -77.0310906,-12.08251303 -77.02634862,-12.04227843 -77.00996771,-12.02961959 -77.03458211,-12.09893348 -77.04390448,-12.07673355 -77.02062163,-12.11720211
-77.16418261,-12.07258015 -77.12877536,-12.06240134 -77.10804913,-12.06600149 -77.09061824,-12.03930237 -77.07915273,-12.09253258 -77.06711116,-12.09148817 -77.06224996,-12.07779385 -77.058310264,-12.029867268 -77.04595887,-12.05871285 -77.04390448,-12.07673355 -77.07090386,-11.9916622
-77.10804913,-12.06600149 -77.12877536,-12.06240134 -77.09061824,-12.03930237 -77.07915273,-12.09253258 -77.06224996,-12.07779385 -77.06711116,-12.09148817 -77.16418261,-12.07258015 -77.058310264,-12.029867268 -77.04595887,-12.05871285 -77.04390448,-12.07673355 -77.03083698,-12.06486369
-77.03083698,-12.06486369 -77.04595887,-12.05871285 -77.0310906,-12.08251303 -77.04390448,-12.07673355 -77.02634862,-12.04227843 -77.06224996,-12.07779385 -77.03458211,-12.09893348 -76.99873413,-12.04994333 -76.99423393,-12.07345621 -77.00996771,-12.02961959 -77.058310264,-12.029867268
-77.12877536,-12.06240134 -77.10804913,-12.06600149 -77.16418261,-12.07258015 -77.09061824,-12.03930237 -77.07915273,-12.09253258 -77.06711116,-12.09148817 -77.06224996,-12.07779385 -77.058310264,-12.029867268 -77.04595887,-12.05871285 -77.04390448,-12.07673355 -77.07090386,-11.9916622
-77.04595887,-12.05871285 -77.03083698,-12.06486369 -77.04390448,-12.07673355 -77.06224996,-12.07779385 -77.02634862,-12.04227843 -77.0310906,-12.08251303 -77.058310264,-12.029867268 -77.06711116,-12.09148817 -77.03458211,-12.09893348 -77.00996771,-12.02961959 -77.07915273,-12.09253258
-76.99873413,-12.04994333 -77.00996771,-12.02961959 -76.99423393,-12.07345621 -77.02634862,-12.04227843 -76.96469543,-12.04972166 -77.03083698,-12.06486369 -77.0310906,-12.08251303 -77.04595887,-12.05871285 -77.04390448,-12.07673355 -76.99906759,-12.10700683 -77.03458211,-12.09893348
-76.96469543,-12.04972166 -76.99873413,-12.04994333 -76.99423393,-12.07345621 -77.00996771,-12.02961959 -76.91872898,-12.02593296 -76.91733348,-12.0779467 -77.02634862,-12.04227843 -76.99906759,-12.10700683 -77.03083698,-12.06486369 -77.0310906,-12.08251303 -77.04595887,-12.05871285
-77.02634862,-12.04227843 -77.00996771,-12.02961959 -77.03083698,-12.06486369 -77.04595887,-12.05871285 -76.99873413,-12.04994333 -77.058310264,-12.029867268 -77.04390448,-12.07673355 -77.0310906,-12.08251303 -76.99423393,-12.07345621 -77.06224996,-12.07779385 -77.05044844,-11.99196277
-77.09061824,-12.03930237 -77.10804913,-12.06600149 -77.058310264,-12.029867268 -77.12877536,-12.06240134 -77.06224996,-12.07779385 -77.04595887,-12.05871285 -77.07090386,-11.9916622 -77.07915273,-12.09253258 -77.06711116,-12.09148817 -77.04390448,-12.07673355 -77.05044844,-11.99196277
-77.058310264,-12.029867268 -77.04595887,-12.05871285 -77.09061824,-12.03930237 -77.02634862,-12.04227843 -77.05044844,-11.99196277 -77.07090386,-11.9916622 -77.03083698,-12.06486369 -77.06224996,-12.07779385 -77.00996771,-12.02961959 -77.04390448,-12.07673355 -77.0310906,-12.08251303
-77.00996771,-12.02961959 -77.02634862,-12.04227843 -76.99873413,-12.04994333 -77.03083698,-12.06486369 -77.04595887,-12.05871285 -76.99423393,-12.07345621 -77.058310264,-12.029867268 -76.96469543,-12.04972166 -77.05044844,-11.99196277 -77.0310906,-12.08251303 -77.04390448,-12.07673355
-76.91872898,-12.02593296 -76.96469543,-12.04972166 -76.91733348,-12.0779467 -76.99873413,-12.04994333 -76.99423393,-12.07345621 -77.00996771,-12.02961959 -77.02634862,-12.04227843 -76.99906759,-12.10700683 -77.03083698,-12.06486369 -77.0310906,-12.08251303 -77.04595887,-12.05871285
-76.39179014,-12.01738278 -76.38891889,-12.09657741 -76.47465728,-12.00194142 -76.42129127,-12.12566041 -76.4353839,-12.13223278 -76.50986353,-12.08036053 -76.52535578,-11.98346216 -76.44027477,-11.88391203 -76.52924165,-11.91178629 -76.2301975,-12.09550201 -76.5395769,-11.91149504
-76.47465728,-12.00194142 -76.52535578,-11.98346216 -76.39179014,-12.01738278 -76.50986353,-12.08036053 -76.52924165,-11.91178629 -76.5395769,-11.91149504 -76.44027477,-11.88391203 -76.38891889,-12.09657741 -76.42129127,-12.12566041 -76.4353839,-12.13223278 -76.54417404,-11.87010627
-77.05044844,-11.99196277 -77.07090386,-11.9916622 -77.04983507,-11.95713993 -77.058310264,-12.029867268 -77.00996771,-12.02961959 -77.02634862,-12.04227843 -77.09061824,-12.03930237 -77.04595887,-12.05871285 -77.03083698,-12.06486369 -76.99873413,-12.04994333 -77.04390448,-12.07673355
-77.07090386,-11.9916622 -77.05044844,-11.99196277 -77.058310264,-12.029867268 -77.04983507,-11.95713993 -77.09061824,-12.03930237 -77.02634862,-12.04227843 -77.04595887,-12.05871285 -77.00996771,-12.02961959 -77.10804913,-12.06600149 -77.03083698,-12.06486369 -77.06224996,-12.07779385
-76.52535578,-11.98346216 -76.47465728,-12.00194142 -76.52924165,-11.91178629 -76.5395769,-11.91149504 -76.50986353,-12.08036053 -76.54417404,-11.87010627 -76.44027477,-11.88391203 -76.39179014,-12.01738278 -76.66492122,-11.92372935 -76.66409461,-11.90131966 -76.4353839,-12.13223278
-76.76981309,-11.9759522 -76.69670598,-11.93642942 -76.66492122,-11.92372935 -76.66409461,-11.90131966 -76.81681365,-12.11210704 -76.91872898,-12.02593296 -76.91733348,-12.0779467 -76.96469543,-12.04972166 -76.61855373,-11.82648735 -76.5395769,-11.91149504 -76.99873413,-12.04994333
-77.04983507,-11.95713993 -77.05044844,-11.99196277 -77.07090386,-11.9916622 -77.03380852,-11.90058343 -77.058310264,-12.029867268 -77.00996771,-12.02961959 -77.02634862,-12.04227843 -77.09061824,-12.03930237 -77.07771461,-11.86678036 -77.04595887,-12.05871285 -76.99873413,-12.04994333
-76.69670598,-11.93642942 -76.66492122,-11.92372935 -76.66409461,-11.90131966 -76.76981309,-11.9759522 -76.61855373,-11.82648735 -76.5395769,-11.91149504 -76.54417404,-11.87010627 -76.52924165,-11.91178629 -76.52535578,-11.98346216 -76.81681365,-12.11210704 -76.47465728,-12.00194142
-76.66492122,-11.92372935 -76.66409461,-11.90131966 -76.69670598,-11.93642942 -76.61855373,-11.82648735 -76.76981309,-11.9759522 -76.5395769,-11.91149504 -76.54417404,-11.87010627 -76.52924165,-11.91178629 -76.52535578,-11.98346216 -76.47465728,-12.00194142 -76.50986353,-12.08036053
-76.52924165,-11.91178629 -76.5395769,-11.91149504 -76.54417404,-11.87010627 -76.52535578,-11.98346216 -76.44027477,-11.88391203 -76.47465728,-12.00194142 -76.61855373,-11.82648735 -76.66409461,-11.90131966 -76.66492122,-11.92372935 -76.69670598,-11.93642942 -76.50986353,-12.08036053
-76.5395769,-11.91149504 -76.52924165,-11.91178629 -76.54417404,-11.87010627 -76.52535578,-11.98346216 -76.44027477,-11.88391203 -76.47465728,-12.00194142 -76.61855373,-11.82648735 -76.66409461,-11.90131966 -76.66492122,-11.92372935 -76.69670598,-11.93642942 -76.50986353,-12.08036053
-76.66409461,-11.90131966 -76.66492122,-11.92372935 -76.69670598,-11.93642942 -76.61855373,-11.82648735 -76.54417404,-11.87010627 -76.5395769,-11.91149504 -76.76981309,-11.9759522 -76.52924165,-11.91178629 -76.52535578,-11.98346216 -76.47465728,-12.00194142 -76.44027477,-11.88391203
-77.03380852,-11.90058343 -77.07771461,-11.86678036 -77.04983507,-11.95713993 -77.12203649,-11.8719796 -77.05044844,-11.99196277 -77.07090386,-11.9916622 -77.12359085,-11.85535639 -77.00996771,-12.02961959 -77.058310264,-12.029867268 -77.02634862,-12.04227843 -77.09061824,-12.03930237
-76.44027477,-11.88391203 -76.52924165,-11.91178629 -76.5395769,-11.91149504 -76.54417404,-11.87010627 -76.47465728,-12.00194142 -76.52535578,-11.98346216 -76.39179014,-12.01738278 -76.61855373,-11.82648735 -76.50986353,-12.08036053 -76.38891889,-12.09657741 -76.66409461,-11.90131966
-77.12203649,-11.8719796 -77.12359085,-11.85535639 -77.07771461,-11.86678036 -77.17299787,-11.79661642 -77.03380852,-11.90058343 -77.04983507,-11.95713993 -77.07090386,-11.9916622 -77.05044844,-11.99196277 -77.09061824,-12.03930237 -77.058310264,-12.029867268 -77.12877536,-12.06240134
-76.54417404,-11.87010627 -76.5395769,-11.91149504 -76.52924165,-11.91178629 -76.61855373,-11.82648735 -76.44027477,-11.88391203 -76.52535578,-11.98346216 -76.66409461,-11.90131966 -76.66492122,-11.92372935 -76.47465728,-12.00194142 -76.69670598,-11.93642942 -76.39179014,-12.01738278
-77.07771461,-11.86678036 -77.12203649,-11.8719796 -77.12359085,-11.85535639 -77.03380852,-11.90058343 -77.04983507,-11.95713993 -77.17299787,-11.79661642 -77.07090386,-11.9916622 -77.05044844,-11.99196277 -77.058310264,-12.029867268 -77.09061824,-12.03930237 -77.00996771,-12.02961959
-77.12359085,-11.85535639 -77.12203649,-11.8719796 -77.07771461,-11.86678036 -77.17299787,-11.79661642 -77.03380852,-11.90058343 -77.04983507,-11.95713993 -77.07090386,-11.9916622 -77.05044844,-11.99196277 -77.058310264,-12.029867268 -77.09061824,-12.03930237 -77.12877536,-12.06240134
-76.61855373,-11.82648735 -76.54417404,-11.87010627 -76.66409461,-11.90131966 -76.66492122,-11.92372935 -76.5395769,-11.91149504 -76.52924165,-11.91178629 -76.69670598,-11.93642942 -76.52535578,-11.98346216 -76.44027477,-11.88391203 -76.76981309,-11.9759522 -76.47465728,-12.00194142
-77.17299787,-11.79661642 -77.12359085,-11.85535639 -77.12203649,-11.8719796 -77.07771461,-11.86678036 -77.03380852,-11.90058343 -77.04983507,-11.95713993 -77.07090386,-11.9916622 -77.05044844,-11.99196277 -77.09061824,-12.03930237 -77.058310264,-12.029867268 -77.12877536,-12.06240134
-75.93670263,-11.78740141 -76.013547624,-12.122364268 -76.18262421,-12.11344541 -76.2301975,-12.09550201 -76.21645203,-12.13038741 -76.21257678,-12.14514203 -76.23249878,-12.13710667 -76.2290429,-12.16096416 -76.39179014,-12.01738278 -76.44027477,-11.88391203 -76.14690399,-12.28406022
