-71.345312908,-17.645825113 -70.76239889,-17.61383167 -72.01544312,-17.0292752 -70.97005505,-16.67392404 -70.25039889,-17.26818803 -70.03211577,-17.47471754 -72.71161298,-16.62491755 -72.49208649,-16.07660363 -71.60198249,-15.63674194 -72.65146622,-15.8392378 -69.63859877,-16.08686592
-70.76239889,-17.61383167 -71.345312908,-17.645825113 -70.25039889,-17.26818803 -70.03211577,-17.47471754 -70.97005505,-16.67392404 -72.01544312,-17.0292752 -69.63859877,-16.08686592 -69.45923452,-16.21332269 -71.60198249,-15.63674194 -69.09257008,-16.24426815 -72.71161298,-16.62491755
-70.03211577,-17.47471754 -70.25039889,-17.26818803 -70.76239889,-17.61383167 -70.97005505,-16.67392404 -71.345312908,-17.645825113 -69.45923452,-16.21332269 -69.63859877,-16.08686592 -69.09257008,-16.24426815 -70.13553739,-15.49323216 -72.01544312,-17.0292752 -70.36754564,-15.36467853
-70.25039889,-17.26818803 -70.03211577,-17.47471754 -70.76239889,-17.61383167 -70.97005505,-16.67392404 -71.345312908,-17.645825113 -69.45923452,-16.21332269 -69.63859877,-16.08686592 -69.09257008,-16.24426815 -70.13553739,-15.49323216 -72.01544312,-17.0292752 -70.36754564,-15.36467853
-72.01544312,-17.0292752 -72.71161298,-16.62491755 -71.345312908,-17.645825113 -72.49208649,-16.07660363 -70.97005505,-16.67392404 -72.65146622,-15.8392378 -70.76239889,-17.61383167 -71.60198249,-15.63674194 -70.25039889,-17.26818803 -73.36540868,-15.77213819 -72.88816225,-15.21290805
-70.97005505,-16.67392404 -70.25039889,-17.26818803 -70.76239889,-17.61383167 -71.345312908,-17.645825113 -72.01544312,-17.0292752 -71.60198249,-15.63674194 -70.03211577,-17.47471754 -70.36754564,-15.36467853 -70.13553739,-15.49323216 -69.63859877,-16.08686592 -69.45923452,-16.21332269
-72.71161298,-16.62491755 -72.49208649,-16.07660363 -72.65146622,-15.8392378 -72.01544312,-17.0292752 -73.36540868,-15.77213819 -72.88816225,-15.21290805 -71.60198249,-15.63674194 -73.34436311,-15.27887321 -71.345312908,-17.645825113 -70.97005505,-16.67392404 -73.78089374,-15.01697752
-69.09257008,-16.24426815 -69.45923452,-16.21332269 -69.63859877,-16.08686592 -69.49989614,-15.36071216 -69.76143802,-15.2041154 -70.13553739,-15.49323216 -69.86856039,-14.91416004 -70.25039889,-17.26818803 -70.03211577,-17.47471754 -70.36754564,-15.36467853 -70.19534289,-14.90852428
-69.45923452,-16.21332269 -69.63859877,-16.08686592 -69.09257008,-16.24426815 -69.49989614,-15.36071216 -70.13553739,-15.49323216 -69.76143802,-15.2041154 -70.36754564,-15.36467853 -70.25039889,-17.26818803 -69.86856039,-14.91416004 -70.03211577,-17.47471754 -70.19534289,-14.90852428
-69.63859877,-16.08686592 -69.45923452,-16.21332269 -69.09257008,-16.24426815 -69.49989614,-15.36071216 -70.13553739,-15.49323216 -69.76143802,-15.2041154 -70.36754564,-15.36467853 -69.86856039,-14.91416004 -70.19534289,-14.90852428 -70.25039889,-17.26818803 -70.03211577,-17.47471754
-72.49208649,-16.07660363 -72.65146622,-15.8392378 -72.71161298,-16.62491755 -73.36540868,-15.77213819 -72.88816225,-15.21290805 -71.60198249,-15.63674194 -72.01544312,-17.0292752 -73.34436311,-15.27887321 -70.97005505,-16.67392404 -73.78089374,-15.01697752 -71.41288314,-14.79311928
-72.65146622,-15.8392378 -72.49208649,-16.07660363 -72.88816225,-15.21290805 -73.36540868,-15.77213819 -72.71161298,-16.62491755 -73.34436311,-15.27887321 -71.60198249,-15.63674194 -72.01544312,-17.0292752 -73.78089374,-15.01697752 -72.87779202,-14.36475603 -72.08208239,-14.45016903
-73.36540868,-15.77213819 -73.34436311,-15.27887321 -72.65146622,-15.8392378 -72.88816225,-15.21290805 -73.78089374,-15.01697752 -72.49208649,-16.07660363 -72.71161298,-16.62491755 -74.12419819,-14.69404253 -73.24426751,-14.29471191 -72.87779202,-14.36475603 -71.60198249,-15.63674194
-71.60198249,-15.63674194 -71.41288314,-14.79311928 -72.49208649,-16.07660363 -72.65146622,-15.8392378 -70.97005505,-16.67392404 -70.59009038,-14.88182942 -70.36754564,-15.36467853 -72.08208239,-14.45016903 -72.88816225,-15.21290805 -71.226499142,-14.272991125 -71.43203327,-14.21694329
-70.13553739,-15.49323216 -70.36754564,-15.36467853 -69.76143802,-15.2041154 -70.19534289,-14.90852428 -69.86856039,-14.91416004 -69.49989614,-15.36071216 -70.59009038,-14.88182942 -69.63859877,-16.08686592 -69.45923452,-16.21332269 -69.09257008,-16.24426815 -69.46661477,-14.32301928
-70.36754564,-15.36467853 -70.13553739,-15.49323216 -70.19534289,-14.90852428 -70.59009038,-14.88182942 -69.76143802,-15.2041154 -69.86856039,-14.91416004 -69.49989614,-15.36071216 -69.63859877,-16.08686592 -71.41288314,-14.79311928 -69.45923452,-16.21332269 -71.60198249,-15.63674194
-69.49989614,-15.36071216 -69.76143802,-15.2041154 -69.86856039,-14.91416004 -70.13553739,-15.49323216 -69.63859877,-16.08686592 -70.19534289,-14.90852428 -69.45923452,-16.21332269 -70.36754564,-15.36467853 -69.09257008,-16.24426815 -69.46661477,-14.32301928 -70.59009038,-14.88182942
-73.34436311,-15.27887321 -72.88816225,-15.21290805 -73.36540868,-15.77213819 -73.78089374,-15.01697752 -72.65146622,-15.8392378 -74.12419819,-14.69404253 -73.24426751,-14.29471191 -72.87779202,-14.36475603 -72.49208649,-16.07660363 -72.70764095,-14.10538044 -73.83884087,-14.01125749
-72.88816225,-15.21290805 -73.34436311,-15.27887321 -72.65146622,-15.8392378 -73.36540868,-15.77213819 -72.87779202,-14.36475603 -73.78089374,-15.01697752 -72.49208649,-16.07660363 -73.24426751,-14.29471191 -72.08208239,-14.45016903 -72.70764095,-14.10538044 -74.12419819,-14.69404253
-69.76143802,-15.2041154 -69.49989614,-15.36071216 -69.86856039,-14.91416004 -70.13553739,-15.49323216 -70.19534289,-14.90852428 -70.36754564,-15.36467853 -70.59009038,-14.88182942 -69.63859877,-16.08686592 -69.46661477,-14.32301928 -69.45923452,-16.21332269 -69.09257008,-16.24426815
-73.78089374,-15.01697752 -74.12419819,-14.69404253 -73.34436311,-15.27887321 -73.36540868,-15.77213819 -73.24426751,-14.29471191 -72.88816225,-15.21290805 -73.83884087,-14.01125749 -72.87779202,-14.36475603 -74.93704615,-14.8275594 -74.33388289,-13.91988366 -74.06630109,-13.75245483
-69.86856039,-14.91416004 -69.76143802,-15.2041154 -70.19534289,-14.90852428 -69.49989614,-15.36071216 -70.13553739,-15.49323216 -70.36754564,-15.36467853 -69.46661477,-14.32301928 -70.59009038,-14.88182942 -70.4313564,-14.06845301 -69.63859877,-16.08686592 -69.45923452,-16.21332269
-70.19534289,-14.90852428 -69.86856039,-14.91416004 -70.59009038,-14.88182942 -70.36754564,-15.36467853 -69.76143802,-15.2041154 -70.13553739,-15.49323216 -69.49989614,-15.36071216 -70.4313564,-14.06845301 -69.46661477,-14.32301928 -71.226499142,-14.272991125 -71.41288314,-14.79311928
-70.59009038,-14.88182942 -70.19534289,-14.90852428 -70.36754564,-15.36467853 -69.86856039,-14.91416004 -70.13553739,-15.49323216 -71.41288314,-14.79311928 -70.4313564,-14.06845301 -71.226499142,-14.272991125 -69.76143802,-15.2041154 -71.43203327,-14.21694329 -69.49989614,-15.36071216
-74.93704615,-14.8275594 -75.18513226,-14.53374904 -74.12419819,-14.69404253 -74.33388289,-13.91988366 -73.78089374,-15.01697752 -75.35306965,-13.6044208 -73.83884087,-14.01125749 -74.06630109,-13.75245483 -74.14367707,-13.62932462 -73.95386777,-13.65302704 -75.31914965,-13.28333829
-71.41288314,-14.79311928 -71.226499142,-14.272991125 -71.43203327,-14.21694329 -72.08208239,-14.45016903 -70.59009038,-14.88182942 -71.60198249,-15.63674194 -71.68349439,-13.91920265 -71.84744051,-13.76132304 -71.62561322,-13.68795506 -72.1744466,-13.94619465 -70.36754564,-15.36467853
-74.12419819,-14.69404253 -73.78089374,-15.01697752 -73.83884087,-14.01125749 -74.33388289,-13.91988366 -74.93704615,-14.8275594 -74.06630109,-13.75245483 -73.24426751,-14.29471191 -73.34436311,-15.27887321 -73.95386777,-13.65302704 -74.14367707,-13.62932462 -75.18513226,-14.53374904
-75.18513226,-14.53374904 -74.93704615,-14.8275594 -75.35306965,-13.6044208 -74.33388289,-13.91988366 -74.12419819,-14.69404253 -75.31914965,-13.28333829 -74.06630109,-13.75245483 -74.14367707,-13.62932462 -73.83884087,-14.01125749 -76.13260585,-13.41759332 -73.78089374,-15.01697752
-72.08208239,-14.45016903 -72.1744466,-13.94619465 -71.68349439,-13.91920265 -71.43203327,-14.21694329 -72.70764095,-14.10538044 -71.84744051,-13.76132304 -71.41288314,-14.79311928 -72.87779202,-14.36475603 -71.226499142,-14.272991125 -71.62561322,-13.68795506 -72.14879046,-13.47159316
-72.87779202,-14.36475603 -72.70764095,-14.10538044 -73.24426751,-14.29471191 -72.08208239,-14.45016903 -72.1744466,-13.94619465 -72.88816225,-15.21290805 -73.3899109,-13.65640891 -73.83884087,-14.01125749 -73.34436311,-15.27887321 -73.78089374,-15.01697752 -72.14879046,-13.47159316
-69.46661477,-14.32301928 -69.86856039,-14.91416004 -69.76143802,-15.2041154 -70.19534289,-14.90852428 -70.4313564,-14.06845301 -69.49989614,-15.36071216 -70.59009038,-14.88182942 -70.13553739,-15.49323216 -70.36754564,-15.36467853 -71.226499142,-14.272991125 -69.63859877,-16.08686592
-73.24426751,-14.29471191 -72.87779202,-14.36475603 -72.70764095,-14.10538044 -73.3899109,-13.65640891 -73.83884087,-14.01125749 -73.78089374,-15.01697752 -73.72280447,-13.51802722 -73.95386777,-13.65302704 -74.12419819,-14.69404253 -74.06630109,-13.75245483 -72.88816225,-15.21290805
-71.226499142,-14.272991125 -71.43203327,-14.21694329 -71.41288314,-14.79311928 -71.68349439,-13.91920265 -71.62561322,-13.68795506 -71.84744051,-13.76132304 -70.4313564,-14.06845301 -72.08208239,-14.45016903 -70.59009038,-14.88182942 -72.1744466,-13.94619465 -71.59672352,-13.31780491
-71.43203327,-14.21694329 -71.226499142,-14.272991125 -71.68349439,-13.91920265 -71.62561322,-13.68795506 -71.41288314,-14.79311928 -71.84744051,-13.76132304 -72.08208239,-14.45016903 -72.1744466,-13.94619465 -71.59672352,-13.31780491 -70.4313564,-14.06845301 -72.14879046,-13.47159316
-72.70764095,-14.10538044 -72.87779202,-14.36475603 -72.1744466,-13.94619465 -73.24426751,-14.29471191 -72.08208239,-14.45016903 -73.3899109,-13.65640891 -72.14879046,-13.47159316 -71.84744051,-13.76132304 -72.11599046,-13.30593022 -71.68349439,-13.91920265 -71.95605013,-13.32174829
-70.4313564,-14.06845301 -71.226499142,-14.272991125 -70.59009038,-14.88182942 -70.19534289,-14.90852428 -69.46661477,-14.32301928 -71.43203327,-14.21694329 -69.86856039,-14.91416004 -71.41288314,-14.79311928 -71.62561322,-13.68795506 -71.68349439,-13.91920265 -70.36754564,-15.36467853
-73.83884087,-14.01125749 -74.06630109,-13.75245483 -73.95386777,-13.65302704 -74.14367707,-13.62932462 -74.33388289,-13.91988366 -73.72280447,-13.51802722 -73.3899109,-13.65640891 -73.24426751,-14.29471191 -74.12419819,-14.69404253 -73.78089374,-15.01697752 -73.98111076,-13.01266571
-72.1744466,-13.94619465 -71.84744051,-13.76132304 -72.14879046,-13.47159316 -71.68349439,-13.91920265 -72.08208239,-14.45016903 -72.70764095,-14.10538044 -71.62561322,-13.68795506 -72.11599046,-13.30593022 -71.95605013,-13.32174829 -71.43203327,-14.21694329 -72.87779202,-14.36475603
-74.33388289,-13.91988366 -74.06630109,-13.75245483 -74.14367707,-13.62932462 -73.95386777,-13.65302704 -73.83884087,-14.01125749 -73.72280447,-13.51802722 -74.12419819,-14.69404253 -73.98111076,-13.01266571 -73.3899109,-13.65640891 -74.247891213,-12.939913448 -74.71854352,-12.98304978
-71.68349439,-13.91920265 -71.84744051,-13.76132304 -71.62561322,-13.68795506 -71.43203327,-14.21694329 -72.1744466,-13.94619465 -71.226499142,-14.272991125 -71.59672352,-13.31780491 -72.14879046,-13.47159316 -71.95605013,-13.32174829 -72.08208239,-14.45016903 -72.11599046,-13.30593022
-71.84744051,-13.76132304 -71.68349439,-13.91920265 -71.62561322,-13.68795506 -72.1744466,-13.94619465 -72.14879046,-13.47159316 -71.95605013,-13.32174829 -71.59672352,-13.31780491 -72.11599046,-13.30593022 -71.43203327,-14.21694329 -72.08208239,-14.45016903 -71.226499142,-14.272991125
-74.06630109,-13.75245483 -74.14367707,-13.62932462 -73.95386777,-13.65302704 -74.33388289,-13.91988366 -73.83884087,-14.01125749 -73.72280447,-13.51802722 -73.3899109,-13.65640891 -73.98111076,-13.01266571 -74.247891213,-12.939913448 -74.12419819,-14.69404253 -73.24426751,-14.29471191
-71.62561322,-13.68795506 -71.84744051,-13.76132304 -71.68349439,-13.91920265 -71.59672352,-13.31780491 -71.95605013,-13.32174829 -71.43203327,-14.21694329 -72.14879046,-13.47159316 -72.1744466,-13.94619465 -72.11599046,-13.30593022 -71.226499142,-14.272991125 -72.08208239,-14.45016903
-73.3899109,-13.65640891 -73.72280447,-13.51802722 -73.95386777,-13.65302704 -73.83884087,-14.01125749 -73.24426751,-14.29471191 -74.06630109,-13.75245483 -74.14367707,-13.62932462 -72.70764095,-14.10538044 -73.98111076,-13.01266571 -72.87779202,-14.36475603 -74.33388289,-13.91988366
-73.95386777,-13.65302704 -74.06630109,-13.75245483 -74.14367707,-13.62932462 -73.72280447,-13.51802722 -73.83884087,-14.01125749 -74.33388289,-13.91988366 -73.3899109,-13.65640891 -73.98111076,-13.01266571 -74.247891213,-12.939913448 -73.24426751,-14.29471191 -74.38755656,-12.73925898
-74.14367707,-13.62932462 -74.06630109,-13.75245483 -73.95386777,-13.65302704 -74.33388289,-13.91988366 -73.72280447,-13.51802722 -73.83884087,-14.01125749 -73.98111076,-13.01266571 -74.247891213,-12.939913448 -73.3899109,-13.65640891 -74.71854352,-12.98304978 -74.57118027,-12.84432478
-75.35306965,-13.6044208 -75.31914965,-13.28333829 -76.13260585,-13.41759332 -74.71854352,-12.98304978 -75.18513226,-14.53374904 -74.33388289,-13.91988366 -74.57118027,-12.84432478 -74.14367707,-13.62932462 -75.91868825,-12.45973429 -74.247891213,-12.939913448 -74.93704615,-14.8275594
-73.72280447,-13.51802722 -73.95386777,-13.65302704 -73.3899109,-13.65640891 -74.06630109,-13.75245483 -74.14367707,-13.62932462 -73.83884087,-14.01125749 -73.98111076,-13.01266571 -74.33388289,-13.91988366 -74.247891213,-12.939913448 -73.24426751,-14.29471191 -74.38755656,-12.73925898
-72.14879046,-13.47159316 -72.11599046,-13.30593022 -71.95605013,-13.32174829 -71.84744051,-13.76132304 -72.1744466,-13.94619465 -71.62561322,-13.68795506 -71.59672352,-13.31780491 -71.68349439,-13.91920265 -72.69287733,-12.86332266 -72.70764095,-14.10538044 -72.08208239,-14.45016903
-76.13260585,-13.41759332 -75.35306965,-13.6044208 -75.31914965,-13.28333829 -75.91868825,-12.45973429 -75.18513226,-14.53374904 -74.71854352,-12.98304978 -75.2876197,-12.06171144 -74.86842175,-12.3987926 -74.57118027,-12.84432478 -75.3129636,-11.91846227 -75.50052527,-11.77521628
-71.95605013,-13.32174829 -72.11599046,-13.30593022 -72.14879046,-13.47159316 -71.59672352,-13.31780491 -71.84744051,-13.76132304 -71.62561322,-13.68795506 -71.68349439,-13.91920265 -72.1744466,-13.94619465 -71.35890272,-12.83618166 -72.69287733,-12.86332266 -71.43203327,-14.21694329
-71.59672352,-13.31780491 -71.95605013,-13.32174829 -71.62561322,-13.68795506 -71.84744051,-13.76132304 -72.11599046,-13.30593022 -71.35890272,-12.83618166 -72.14879046,-13.47159316 -71.68349439,-13.91920265 -72.1744466,-13.94619465 -71.43203327,-14.21694329 -71.226499142,-14.272991125
-72.11599046,-13.30593022 -71.95605013,-13.32174829 -72.14879046,-13.47159316 -71.59672352,-13.31780491 -71.84744051,-13.76132304 -71.62561322,-13.68795506 -72.1744466,-13.94619465 -72.69287733,-12.86332266 -71.68349439,-13.91920265 -71.35890272,-12.83618166 -72.70764095,-14.10538044
-75.31914965,-13.28333829 -75.35306965,-13.6044208 -74.71854352,-12.98304978 -76.13260585,-13.41759332 -74.57118027,-12.84432478 -74.86842175,-12.3987926 -75.91868825,-12.45973429 -74.38755656,-12.73925898 -74.247891213,-12.939913448 -74.33388289,-13.91988366 -75.2876197,-12.06171144
-73.98111076,-13.01266571 -74.247891213,-12.939913448 -74.38755656,-12.73925898 -73.72280447,-13.51802722 -74.57118027,-12.84432478 -74.14367707,-13.62932462 -73.95386777,-13.65302704 -74.71854352,-12.98304978 -74.06630109,-13.75245483 -73.3899109,-13.65640891 -74.33388289,-13.91988366
-74.71854352,-12.98304978 -74.57118027,-12.84432478 -74.38755656,-12.73925898 -74.247891213,-12.939913448 -74.86842175,-12.3987926 -75.31914965,-13.28333829 -73.98111076,-13.01266571 -74.14367707,-13.62932462 -75.35306965,-13.6044208 -74.06630109,-13.75245483 -74.33388289,-13.91988366
-74.247891213,-12.939913448 -74.38755656,-12.73925898 -73.98111076,-13.01266571 -74.57118027,-12.84432478 -74.71854352,-12.98304978 -74.14367707,-13.62932462 -73.95386777,-13.65302704 -73.72280447,-13.51802722 -74.86842175,-12.3987926 -74.06630109,-13.75245483 -74.33388289,-13.91988366
-72.69287733,-12.86332266 -72.11599046,-13.30593022 -72.14879046,-13.47159316 -71.95605013,-13.32174829 -73.3899109,-13.65640891 -71.59672352,-13.31780491 -72.1744466,-13.94619465 -73.72280447,-13.51802722 -71.84744051,-13.76132304 -72.70764095,-14.10538044 -73.98111076,-13.01266571
-74.57118027,-12.84432478 -74.71854352,-12.98304978 -74.38755656,-12.73925898 -74.247891213,-12.939913448 -74.86842175,-12.3987926 -73.98111076,-13.01266571 -75.31914965,-13.28333829 -74.14367707,-13.62932462 -73.95386777,-13.65302704 -74.06630109,-13.75245483 -75.2876197,-12.06171144
-71.35890272,-12.83618166 -71.59672352,-13.31780491 -71.95605013,-13.32174829 -72.11599046,-13.30593022 -71.62561322,-13.68795506 -72.14879046,-13.47159316 -71.84744051,-13.76132304 -71.68349439,-13.91920265 -72.69287733,-12.86332266 -72.1744466,-13.94619465 -71.43203327,-14.21694329
-74.38755656,-12.73925898 -74.57118027,-12.84432478 -74.247891213,-12.939913448 -74.71854352,-12.98304978 -73.98111076,-13.01266571 -74.86842175,-12.3987926 -74.14367707,-13.62932462 -73.95386777,-13.65302704 -73.72280447,-13.51802722 -74.06630109,-13.75245483 -75.31914965,-13.28333829
-75.91868825,-12.45973429 -75.2876197,-12.06171144 -75.50052527,-11.77521628 -75.3129636,-11.91846227 -75.90003919,-11.51659417 -76.13260585,-13.41759332 -75.31914965,-13.28333829 -74.86842175,-12.3987926 -75.68777039,-11.41991821 -75.35306965,-13.6044208 -75.99307889,-11.16104266
-74.86842175,-12.3987926 -74.57118027,-12.84432478 -75.2876197,-12.06171144 -74.38755656,-12.73925898 -74.71854352,-12.98304978 -75.3129636,-11.91846227 -74.247891213,-12.939913448 -75.50052527,-11.77521628 -75.31914965,-13.28333829 -75.91868825,-12.45973429 -73.98111076,-13.01266571
-75.2876197,-12.06171144 -75.3129636,-11.91846227 -75.50052527,-11.77521628 -74.86842175,-12.3987926 -75.91868825,-12.45973429 -75.68777039,-11.41991821 -75.90003919,-11.51659417 -75.32820502,-11.05598621 -74.63700127,-11.25390265 -74.57118027,-12.84432478 -74.71854352,-12.98304978
-75.3129636,-11.91846227 -75.2876197,-12.06171144 -75.50052527,-11.77521628 -75.68777039,-11.41991821 -74.86842175,-12.3987926 -75.90003919,-11.51659417 -75.91868825,-12.45973429 -75.32820502,-11.05598621 -74.63700127,-11.25390265 -75.99307889,-11.16104266 -74.57118027,-12.84432478
-75.50052527,-11.77521628 -75.3129636,-11.91846227 -75.2876197,-12.06171144 -75.68777039,-11.41991821 -75.90003919,-11.51659417 -75.32820502,-11.05598621 -75.99307889,-11.16104266 -75.91868825,-12.45973429 -74.86842175,-12.3987926 -74.63700127,-11.25390265 -75.40462179,-10.57428264
-75.90003919,-11.51659417 -75.68777039,-11.41991821 -75.99307889,-11.16104266 -75.50052527,-11.77521628 -75.3129636,-11.91846227 -75.32820502,-11.05598621 -75.2876197,-12.06171144 -75.91868825,-12.45973429 -75.40462179,-10.57428264 -74.63700127,-11.25390265 -74.86842175,-12.3987926
-75.68777039,-11.41991821 -75.90003919,-11.51659417 -75.99307889,-11.16104266 -75.50052527,-11.77521628 -75.32820502,-11.05598621 -75.3129636,-11.91846227 -75.2876197,-12.06171144 -75.40462179,-10.57428264 -74.63700127,-11.25390265 -75.91868825,-12.45973429 -74.86842175,-12.3987926
-74.63700127,-11.25390265 -75.32820502,-11.05598621 -75.3129636,-11.91846227 -75.50052527,-11.77521628 -75.40462179,-10.57428264 -73.75483561,-10.72972729 -75.2876197,-12.06171144 -75.68777039,-11.41991821 -74.86842175,-12.3987926 -75.90003919,-11.51659417 -75.99307889,-11.16104266
-75.99307889,-11.16104266 -75.90003919,-11.51659417 -75.68777039,-11.41991821 -75.32820502,-11.05598621 -75.50052527,-11.77521628 -75.40462179,-10.57428264 -75.3129636,-11.91846227 -75.2876197,-12.06171144 -75.91868825,-12.45973429 -74.63700127,-11.25390265 -74.86842175,-12.3987926
-75.32820502,-11.05598621 -75.40462179,-10.57428264 -75.68777039,-11.41991821 -75.99307889,-11.16104266 -74.63700127,-11.25390265 -75.90003919,-11.51659417 -75.50052527,-11.77521628 -75.3129636,-11.91846227 -75.2876197,-12.06171144 -74.86842175,-12.3987926 -75.91868825,-12.45973429
-69.57741764,-10.94494366 -71.35890272,-12.83618166 -71.59672352,-13.31780491 -70.4313564,-14.06845301 -71.95605013,-13.32174829 -69.46661477,-14.32301928 -71.62561322,-13.68795506 -72.11599046,-13.30593022 -72.14879046,-13.47159316 -71.84744051,-13.76132304 -71.68349439,-13.91920265
-73.75483561,-10.72972729 -74.63700127,-11.25390265 -75.32820502,-11.05598621 -75.40462179,-10.57428264 -75.3129636,-11.91846227 -74.86842175,-12.3987926 -75.2876197,-12.06171144 -75.50052527,-11.77521628 -75.68777039,-11.41991821 -74.38755656,-12.73925898 -74.247891213,-12.939913448
-75.40462179,-10.57428264 -75.32820502,-11.05598621 -75.99307889,-11.16104266 -75.68777039,-11.41991821 -74.63700127,-11.25390265 -75.90003919,-11.51659417 -75.50052527,-11.77521628 -75.3129636,-11.91846227 -75.2876197,-12.06171144 -73.75483561,-10.72972729 -74.86842175,-12.3987926
