-70.531307,-18.222944 -70.5133,-18.2081 -71.48611,-16.39523 -73.91911,-13.09221 -74.211331369,-13.179941174 -74.21298,-13.17944 -74.21354,-13.17896 -76.030180467,-12.859149059 -74.260756,-11.049832 -74.37847,-10.97507 -74.37933,-10.97372
-70.5133,-18.2081 -70.531307,-18.222944 -71.48611,-16.39523 -73.91911,-13.09221 -74.211331369,-13.179941174 -74.21298,-13.17944 -74.21354,-13.17896 -76.030180467,-12.859149059 -74.260756,-11.049832 -74.37847,-10.97507 -74.37933,-10.97372
-71.48611,-16.39523 -70.5133,-18.2081 -70.531307,-18.222944 -73.91911,-13.09221 -74.211331369,-13.179941174 -74.21298,-13.17944 -74.21354,-13.17896 -76.030180467,-12.859149059 -74.260756,-11.049832 -74.37847,-10.97507 -74.37933,-10.97372
-74.211331369,-13.179941174 -74.21298,-13.17944 -74.21354,-13.17896 -73.91911,-13.09221 -76.030180467,-12.859149059 -74.260756,-11.049832 -74.37847,-10.97507 -74.37933,-10.97372 -75.014467427,-10.958129166 -74.942987,-9.501327 -71.48611,-16.39523
-74.21298,-13.17944 -74.21354,-13.17896 -74.211331369,-13.179941174 -73.91911,-13.09221 -76.030180467,-12.859149059 -74.260756,-11.049832 -74.37847,-10.97507 -74.37933,-10.97372 -75.014467427,-10.958129166 -74.942987,-9.501327 -71.48611,-16.39523
-74.21354,-13.17896 -74.21298,-13.17944 -74.211331369,-13.179941174 -73.91911,-13.09221 -76.030180467,-12.859149059 -74.260756,-11.049832 -74.37847,-10.97507 -74.37933,-10.97372 -75.014467427,-10.958129166 -74.942987,-9.501327 -71.48611,-16.39523
-73.91911,-13.09221 -74.211331369,-13.179941174 -74.21298,-13.17944 -74.21354,-13.17896 -74.260756,-11.049832 -76.030180467,-12.859149059 -74.37847,-10.97507 -74.37933,-10.97372 -75.014467427,-10.958129166 -74.942987,-9.501327 -71.48611,-16.39523
-76.030180467,-12.859149059 -74.21354,-13.17896 -74.21298,-13.17944 -74.211331369,-13.179941174 -73.91911,-13.09221 -75.014467427,-10.958129166 -74.37847,-10.97507 -74.37933,-10.97372 -74.260756,-11.049832 -74.942987,-9.501327 -76.128647982,-8.743982557
-74.260756,-11.049832 -74.37847,-10.97507 -74.37933,-10.97372 -75.014467427,-10.958129166 -74.942987,-9.501327 -73.91911,-13.09221 -74.21354,-13.17896 -74.21298,-13.17944 -74.211331369,-13.179941174 -76.030180467,-12.859149059 -76.128647982,-8.743982557
-74.37847,-10.97507 -74.37933,-10.97372 -74.260756,-11.049832 -75.014467427,-10.958129166 -74.942987,-9.501327 -73.91911,-13.09221 -74.21354,-13.17896 -74.21298,-13.17944 -74.211331369,-13.179941174 -76.030180467,-12.859149059 -76.128647982,-8.743982557
-74.37933,-10.97372 -74.37847,-10.97507 -74.260756,-11.049832 -75.014467427,-10.958129166 -74.942987,-9.501327 -73.91911,-13.09221 -74.21354,-13.17896 -74.21298,-13.17944 -74.211331369,-13.179941174 -76.030180467,-12.859149059 -76.128647982,-8.743982557
-75.014467427,-10.958129166 -74.37933,-10.97372 -74.37847,-10.97507 -74.260756,-11.049832 -74.942987,-9.501327 -76.030180467,-12.859149059 -74.21354,-13.17896 -74.21298,-13.17944 -74.211331369,-13.179941174 -73.91911,-13.09221 -76.128647982,-8.743982557
-74.942987,-9.501327 -76.128647982,-8.743982557 -75.014467427,-10.958129166 -74.37933,-10.97372 -74.37847,-10.97507 -74.260756,-11.049832 -76.030180467,-12.859149059 -73.91911,-13.09221 -74.21354,-13.17896 -74.21298,-13.17944 -74.211331369,-13.179941174
-76.128647982,-8.743982557 -74.942987,-9.501327 -75.014467427,-10.958129166 -74.37933,-10.97372 -74.37847,-10.97507 -74.260756,-11.049832 -76.030180467,-12.859149059 -74.21354,-13.17896 -74.21298,-13.17944 -74.211331369,-13.179941174 -73.91911,-13.09221
