-70.2507964,-18.0137008 -70.93469733,-17.19380361 -71.5369584,-16.39892966 -70.02800689,-15.84061229 -71.97876215,-13.51670179 -72.87887764,-13.6373465 -69.17624914,-12.59421679 -74.225776072,-13.160270337 -74.97310128,-12.78719172 -75.21005132,-12.0679591
-70.93469733,-17.19380361 -71.5369584,-16.39892966 -70.2507964,-18.0137008 -70.02800689,-15.84061229 -71.97876215,-13.51670179 -72.87887764,-13.6373465 -69.17624914,-12.59421679 -74.225776072,-13.160270337 -74.97310128,-12.78719172 -75.21005132,-12.0679591
-71.5369584,-16.39892966 -70.93469733,-17.19380361 -70.02800689,-15.84061229 -70.2507964,-18.0137008 -71.97876215,-13.51670179 -72.87887764,-13.6373465 -74.225776072,-13.160270337 -69.17624914,-12.59421679 -74.97310128,-12.78719172 -75.21005132,-12.0679591
-70.02800689,-15.84061229 -71.5369584,-16.39892966 -70.93469733,-17.19380361 -70.2507964,-18.0137008 -71.97876215,-13.51670179 -69.17624914,-12.59421679 -72.87887764,-13.6373465 -74.225776072,-13.160270337 -74.97310128,-12.78719172 -75.21005132,-12.0679591
-72.87887764,-13.6373465 -71.97876215,-13.51670179 -74.225776072,-13.160270337 -74.97310128,-12.78719172 -75.21005132,-12.0679591 -71.5369584,-16.39892966 -70.02800689,-15.84061229 -69.17624914,-12.59421679 -70.93469733,-17.19380361 -70.2507964,-18.0137008
-71.97876215,-13.51670179 -72.87887764,-13.6373465 -74.225776072,-13.160270337 -71.5369584,-16.39892966 -69.17624914,-12.59421679 -70.02800689,-15.84061229 -74.97310128,-12.78719172 -75.21005132,-12.0679591 -70.93469733,-17.19380361 -70.2507964,-18.0137008
-74.225776072,-13.160270337 -74.97310128,-12.78719172 -72.87887764,-13.6373465 -75.21005132,-12.0679591 -71.97876215,-13.51670179 -71.5369584,-16.39892966 -70.02800689,-15.84061229 -69.17624914,-12.59421679 -70.93469733,-17.19380361 -70.2507964,-18.0137008
-74.97310128,-12.78719172 -75.21005132,-12.0679591 -74.225776072,-13.160270337 -72.87887764,-13.6373465 -71.97876215,-13.51670179 -71.5369584,-16.39892966 -69.17624914,-12.59421679 -70.02800689,-15.84061229 -70.93469733,-17.19380361 -70.2507964,-18.0137008
-69.17624914,-12.59421679 -71.97876215,-13.51670179 -70.02800689,-15.84061229 -72.87887764,-13.6373465 -71.5369584,-16.39892966 -70.93469733,-17.19380361 -74.225776072,-13.160270337 -70.2507964,-18.0137008 -74.97310128,-12.78719172 -75.21005132,-12.0679591
-75.21005132,-12.0679591 -74.97310128,-12.78719172 -74.225776072,-13.160270337 -72.87887764,-13.6373465 -71.97876215,-13.51670179 -71.5369584,-16.39892966 -69.17624914,-12.59421679 -70.02800689,-15.84061229 -70.93469733,-17.19380361 -70.2507964,-18.0137008
